9.68
10.31
10.18
9.67
10.23
10.06
9.91
9.76
10.16
10.05
9.76
10.22
10.26
10.46
10.05
10.67
10.11
9.78
10.2
9.82
9.73
10.23
10.24
10.09
9.79
10.35
10.51
9.67
10.39
9.84
10.01
9.99
10.05
10.39
9.8
9.69
9.83
9.79
9.64
9.05
9.78
9.95
10.37
9.68
9.68
9.75
9.72
9.42
10.26
9.78
9.81
9.36
10.37
9.78
10.13
10.19
10.18
9.85
9.42
9.84
9.88
9.77
9.99
9.91
10.19
9.67
9.39
10.19
10.38
9.74
9.6
10.06
10.11
10.79
9.86
9.84
9.83
9.48
9.84
9.84
9.57
10.0
9.73
9.65
10.39
9.91
10.05
9.85
9.92
10.04
10.08
9.56
9.95
10.1
9.56
9.93
9.86
10.89
10.3
10.18
9.98
9.87
9.79
9.62
10.24
9.9
9.55
9.73
9.97
9.81
10.07
9.99
10.69
9.79
9.49
10.14
9.92
9.88
10.29
10.03
9.8
9.71
9.9
9.75
9.84
9.63
9.96
10.13
10.41
10.43
9.56
9.65
9.57
10.12
9.77
9.56
10.2
10.2
9.89
10.03
9.83
10.1
9.78
9.23
9.49
9.58
9.94
9.96
10.16
9.69
9.99
10.58
10.14
9.77
9.83
10.19
9.95
9.5
9.24
10.04
10.15
9.93
10.21
10.07
9.94
10.06
10.28
10.0
9.52
10.23
9.51
10.04
9.99
9.94
10.29
9.74
10.03
10.18
10.16
10.06
9.5
9.88
10.36
10.28
9.69
10.21
9.89
10.38
9.77
10.03
10.27
10.14
9.93
10.34
9.5
10.11
9.84
10.41
10.31
9.89
10.02
10.08
10.17
10.65
9.68
9.83
9.82
10.21
10.27
10.62
10.41
10.61
10.04
10.85
9.74
10.16
10.19
9.82
9.69
9.87
9.83
10.15
9.91
9.62
10.55
9.69
9.66
9.98
9.79
10.17
9.95
9.95
9.45
9.85
9.75
10.04
9.53
9.33
10.18
9.94
10.22
9.67
10.08
10.19
9.85
10.02
10.47
9.96
10.39
9.84
10.0
9.25
9.97
9.94
9.31
10.21
10.45
9.69
9.8
10.06
10.57
9.52
9.99
9.95
10.61
10.19
9.78
9.67
10.44
9.71
9.67
10.2
9.82
9.38
9.82
9.92
9.55
9.97
10.42
10.07
9.72
9.6
10.07
10.47
10.0
9.91
10.03
9.82
9.72
10.33
9.68
10.26
9.77
10.89
9.69
10.0
10.13
10.54
10.26
10.16
10.06
9.87
9.94
9.44
9.61
9.4
10.01
10.3
9.83
9.72
10.18
10.35
10.4
9.79
10.12
10.1
9.97
10.08
9.98
10.26
9.4
9.88
10.35
10.38
9.96
10.25
10.08
9.71
9.84
9.9
9.8
9.74
10.67
9.88
9.48
9.86
9.72
10.19
10.27
9.66
10.1
9.9
10.17
10.2
9.89
9.82
9.83
10.07
10.28
9.91
10.59
9.98
9.82
9.84
10.49
9.74
9.21
10.18
9.35
10.0
10.43
9.89
10.04
10.03
10.29
9.95
9.88
10.15
10.3
10.16
9.62
9.57
9.85
9.5
9.36
10.16
9.41
9.89
9.91
10.07
10.15
9.75
10.57
10.47
9.83
10.49
10.39
10.02
9.9
9.98
10.11
9.96
10.54
9.97
9.76
9.96
10.26
9.77
10.18
10.45
9.62
10.23
10.82
9.61
10.2
10.24
10.12
9.78
10.32
9.81
10.12
9.83
10.18
9.81
10.33
10.0
10.24
10.63
10.22
9.91
9.24
9.38
9.63
9.89
9.98
9.62
9.68
9.77
9.52
9.97
10.57
10.29
9.67
9.96
9.94
10.13
10.07
10.16
10.06
9.96
10.09
10.15
10.04
10.13
9.88
10.03
9.89
9.59
9.79
9.54
9.88
9.83
10.12
10.3
9.25
10.12
10.17
9.86
10.06
10.19
10.37
10.12
9.84
9.97
9.9
9.67
9.72
10.08
10.08
10.11
9.5
10.07
10.1
9.83
10.17
9.78
9.89
10.4
10.25
9.9
9.63
10.66
10.43
9.46
9.33
9.43
10.57
10.0
10.75
9.96
9.36
10.35
10.03
9.99
10.5
9.89
9.99
10.11
10.35
10.08
10.23
10.32
9.49
10.54
10.26
10.45
10.08
9.44
9.87
10.23
10.65
10.13
9.82
10.45
10.13
10.12
9.53
9.88
9.58
9.88
10.02
9.73
9.84
9.54
10.0
10.13
9.87
10.14
10.4
9.96
9.93
10.47
10.05
10.24
10.14
9.87
10.2
9.47
9.72
10.11
9.74
9.91
9.53
9.73
9.89
10.23
10.08
9.9
10.18
9.21
9.64
10.47
9.58
10.36
9.68
9.08
9.7
10.03
10.29
9.75
9.97
10.29
10.06
9.57
10.44
9.97
10.38
10.29
9.95
9.97
10.56
10.07
9.59
10.46
10.52
10.05
9.19
9.74
9.71
9.56
9.91
9.48
10.18
9.63
9.8
9.66
9.95
10.13
10.53
10.09
9.51
10.2
10.4
9.64
10.63
10.33
9.62
9.75
10.18
10.27
9.88
10.0
10.06
10.0
9.5
10.2
9.97
10.36
9.51
10.02
10.07
10.54
10.32
9.45
10.13
9.78
9.59
10.02
10.47
10.49
10.01
9.74
9.58
9.36
10.57
10.03
10.65
9.58
9.59
9.69
10.63
9.62
10.19
9.93
10.34
10.29
10.17
9.93
10.05
10.04
10.27
9.95
10.11
9.37
10.22
9.44
10.05
10.09
9.62
10.54
10.1
9.77
10.15
9.9
10.14
10.36
10.0
10.11
10.35
10.2
10.11
9.77
10.15
10.25
10.45
9.28
10.36
9.42
9.6
10.53
10.5
9.89
10.2
9.92
10.21
10.24
9.65
9.92
9.85
9.88
10.27
9.73
9.95
10.27
10.14
10.02
10.31
10.24
10.08
9.61
9.88
10.46
10.03
9.59
9.77
9.74
9.96
9.33
9.92
10.44
10.37
10.91
9.71
10.32
9.9
9.9
10.23
10.37
9.89
9.89
9.93
10.01
9.31
9.95
10.22
9.59
10.18
10.56
10.04
9.95
10.45
10.1
9.8
9.66
9.82
9.91
10.18
10.05
10.16
9.76
9.95
10.11
10.19
9.22
10.39
10.64
10.41
9.54
10.02
10.22
9.92
10.53
10.27
9.78
10.39
9.66
10.02
9.59
9.9
10.08
10.1
9.68
10.37
10.26
9.93
10.45
9.97
10.11
10.48
10.17
10.33
9.83
9.96
9.43
9.5
10.09
10.2
9.95
9.87
10.06
9.58
10.3
10.28
10.03
9.91
10.24
9.78
9.56
9.95
9.56
10.3
9.94
9.79
10.46
10.49
9.98
9.84
9.95
9.96
10.36
9.82
10.11
10.18
9.72
9.99
9.68
9.58
10.45
10.14
9.95
9.57
9.77
9.8
9.62
9.68
9.44
10.05
10.0
10.22
10.01
10.08
10.11
9.56
10.02
10.09
10.61
10.06
9.94
10.04
10.37
10.38
9.81
10.5
10.02
10.44
10.02
9.71
10.27
9.73
9.51
9.67
10.05
10.77
9.45
9.66
10.15
10.21
9.34
10.37
9.39
10.21
10.16
10.31
9.89
10.11
9.65
9.87
10.03
10.16
9.49
10.07
10.37
9.92
10.17
9.65
9.91
10.22
10.07
10.39
10.15
9.97
10.64
10.05
10.3
10.22
9.98
10.27
10.26
9.83
9.78
9.2
10.31
10.24
9.84
10.18
10.06
9.9
9.83
9.98
9.57
10.19
9.87
10.44
10.3
10.08
9.92
9.92
10.06
10.47
10.21
10.35
9.5
10.27
10.4
9.99
10.16
10.31
10.21
9.79
10.05
10.35
10.03
9.85
9.63
10.24
9.58
10.01
9.91
10.16
9.89
10.15
9.65
9.78
9.97
9.94
10.4
10.23
10.6
8.96
10.21
10.61
10.0
9.82
10.18
9.72
9.89
9.96
10.39
10.1
9.81
9.98
9.67
9.72
10.4
9.35
10.52
10.06
10.1
10.61
10.12
10.48
10.33
10.53
9.73
10.05
9.72
10.24
10.24
9.28
9.95
9.84
10.03
10.24
10.07
10.15
10.04
10.21
9.58
9.99
9.77
10.91
10.13
9.95
10.41
10.5
9.76
9.97
9.87
10.01
10.39
9.63
10.03
10.26
10.31
9.83
9.8
10.67
9.43
10.19
10.23
10.04
10.59
10.06
10.27
9.81
10.25
10.38
10.09
9.72
10.27
9.5
10.03
10.22
10.09
9.59
9.89
9.76
9.74
10.15
10.05
10.26
10.21
9.8
9.66
10.09
9.97
9.85
9.78
9.74
10.35
10.21
10.87
9.95
10.23
10.41
9.91
9.79
10.05
10.39
10.37
10.02
9.39
9.91
10.33
10.2
9.72
10.42
9.45
9.99
10.35
10.52
10.01
10.09
9.92
10.04
10.63
9.93
9.6
10.45
9.66
10.04
10.49
10.07
9.78
10.76
9.86
10.35
10.28
9.77
9.57
9.93
10.26
9.86
9.7
10.06
10.44
10.16
9.73
10.22
9.84
10.29
9.87
9.83
10.38
9.74
10.03
9.83
9.89
10.49
9.72
9.85
9.87
10.02
10.27
9.68
9.94
9.73
9.72
9.97
10.1
9.59
10.59
9.73
9.71
10.11
10.07
10.2
9.61
9.8
10.27
10.12
9.84
9.91
9.73
9.74
10.21
9.95
10.22
10.54
10.47
9.7
10.25
9.79
10.12
9.94
10.15
10.63
9.78
10.09
10.17
10.48
9.89
9.69
10.57
10.35
9.68
10.24
10.03
9.96
9.68
9.97
9.76
10.33
10.77
10.09
10.63
10.1
9.87
9.91
9.96
10.15
9.95
10.03
9.88
9.94
10.1
10.64
9.93
10.29
9.77
10.04
10.02
9.73
9.81
10.53
9.84
9.36
10.03
10.36
9.56
9.58
10.46
10.2
10.48
10.45
9.79
10.09
10.1
10.47
10.07
9.56
10.03
9.55
10.38
10.34
9.53
10.07
9.87
10.15
9.92
10.7
10.29
9.72
10.01
9.6
10.2
10.16
10.3
10.46
9.03
9.85
10.1
10.1
10.15
10.22
9.58
10.7
9.57
9.83
9.69
9.7
10.14
9.67
9.93
10.17
10.27
10.36
9.25
9.72
10.2
10.11
10.4
10.04
10.43
9.15
9.89
10.25
10.3
10.2
9.65
9.94
10.04
9.93
9.91
10.39
9.59
10.25
9.42
10.73
10.26
9.95
10.25
9.61
9.95
10.38
9.88
9.56
10.45
9.87
10.23
10.01
10.03
10.24
9.83
9.64
10.06
9.7
9.78
10.4
9.73
9.46
9.99
9.67
10.05
9.53
10.23
10.04
10.02
10.44
9.86
10.01
10.25
9.95
9.45
10.56
10.57
9.61
10.35
10.39
10.31
10.38
9.88
9.67
9.44
9.97
10.21
10.71
10.5
10.15
9.9
10.06
9.83
10.03
9.5
9.36
9.71
9.71
10.25
9.79
10.21
9.87
9.89
9.61
10.37
9.89
10.27
10.25
9.89
9.77
10.05
9.84
9.53
9.76
9.66
9.89
9.91
10.14
10.56
10.36
9.81
10.29
9.98
10.26
9.85
10.28
9.43
10.4
9.94
9.83
10.25
10.0
10.19
10.01
10.21
10.06
9.94
9.73
9.93
10.56
9.95
9.72
10.3
9.71
10.07
10.1
10.02
9.81
10.32
9.59
10.02
9.89
10.15
9.77
9.28
10.01
10.51
9.75
9.84
9.88
10.15
10.13
9.61
9.89
10.0
10.0
10.2
9.83
10.6
10.13
10.07
10.23
9.77
10.1
10.0
10.05
10.25
9.85
10.55
9.99
9.88
9.73
10.34
9.78
10.17
10.15
9.68
9.97
9.98
10.17
10.35
9.72
10.26
10.19
9.76
9.27
10.18
9.46
10.04
9.81
10.01
9.98
10.33
9.69
9.97
9.62
10.89
9.74
9.89
9.96
9.99
10.54
10.92
10.29
10.52
10.01
10.0
9.93
9.76
10.27
9.97
10.18
10.12
10.04
9.98
9.41
10.3
10.02
9.94
9.99
10.02
10.46
10.1
9.9
9.7
10.77
9.89
10.28
9.61
9.93
9.81
10.04
9.83
9.86
10.14
9.54
10.03
10.22
10.3
9.76
9.9
10.02
10.13
9.46
10.11
10.15
9.76
9.39
10.43
9.46
10.12
9.82
9.7
10.23
10.27
10.05
10.03
9.63
10.11
9.69
9.65
9.84
9.31
10.99
9.93
10.68
10.77
9.84
10.27
10.28
10.33
10.04
10.16
9.8
9.76
9.91
10.04
9.71
10.17
10.11
9.99
10.19
10.32
9.86
10.69
9.69
10.2
9.63
9.72
9.75
10.29
10.0
9.75
10.05
9.63
9.9
9.78
9.99
9.59
9.64
10.74
9.77
10.54
10.28
9.63
10.41
9.28
10.04
10.03
9.55
10.42
9.92
9.42
10.25
9.21
10.02
9.63
9.8
10.09
10.65
9.82
10.16
9.76
10.43
10.18
9.92
10.22
9.54
9.31
9.83
9.74
10.35
10.46
10.49
10.17
9.64
9.72
10.05
10.49
9.99
10.05
9.66
9.74
10.61
9.98
9.7
10.6
10.2
10.18
10.29
9.48
10.0
9.63
9.79
10.12
9.67
10.19
10.39
10.49
9.65
10.48
9.56
9.87
9.61
10.02
10.06
10.07
10.08
10.14
10.55
10.33
10.57
9.9
9.48
9.75
10.18
9.84
9.75
10.08
9.6
9.51
10.09
9.84
10.04
9.82
9.85
9.9
9.62
9.67
9.41
10.26
10.27
9.28
10.32
10.46
10.15
9.98
10.11
9.92
10.05
10.08
9.8
9.79
10.36
9.96
10.01
10.02
9.99
10.35
9.77
9.83
9.89
9.99
9.42
10.34
9.58
10.22
10.54
10.03
10.59
10.06
9.92
9.91
9.41
10.67
9.99
10.2
9.71
9.48
9.55
10.13
9.73
10.08
10.2
10.29
10.31
9.92
10.22
10.08
10.49
10.26
9.76
9.65
9.85
9.38
9.97
10.02
10.02
10.1
9.67
10.38
10.46
9.77
10.65
10.65
9.73
10.63
10.45
10.25
10.26
10.34
10.28
10.02
10.02
9.82
9.64
9.87
9.92
10.04
9.97
9.99
9.9
10.44
10.19
9.73
9.51
9.97
10.14
10.2
10.11
10.28
9.8
9.58
10.21
9.33
10.29
10.14
10.48
10.23
9.73
10.88
10.59
10.37
10.6
9.95
10.37
10.17
9.77
9.91
9.79
9.91
9.77
9.71
10.22
10.09
10.08
10.09
10.17
9.84
9.55
10.21
9.95
9.4
10.2
9.69
9.49
10.3
9.66
10.13
10.01
9.93
9.66
9.54
9.51
9.59
9.98
10.56
10.24
10.09
10.35
9.89
10.16
10.25
9.74
10.02
10.31
10.13
9.78
9.58
9.76
10.14
10.09
10.53
10.19
9.63
10.07
10.41
10.31
9.5
9.72
10.15
9.91
10.1
9.7
10.71
9.89
9.86
10.62
10.49
10.06
9.53
9.77
9.88
9.93
10.26
10.24
10.08
9.85
9.99
10.13
9.68
10.16
10.38
10.03
10.18
9.72
10.12
10.11
9.82
10.19
10.44
10.26
10.25
10.09
9.98
9.78
9.55
10.44
10.61
10.1
10.31
10.05
10.41
9.94
9.94
9.95
10.48
10.44
9.89
9.54
10.06
9.86
10.15
10.02
9.61
9.85
10.07
10.14
9.99
9.65
10.26
9.97
9.89
9.92
10.17
9.88
10.41
10.01
9.6
10.33
9.91
9.82
9.94
9.93
9.97
9.29
10.55
10.22
10.38
10.24
10.1
10.19
9.91
10.25
10.58
10.39
10.11
10.72
9.82
9.94
10.58
9.97
9.93
9.99
9.94
9.76
10.06
9.92
9.87
10.39
9.75
10.47
10.38
9.96
9.56
9.89
9.83
9.98
10.38
10.03
10.39
10.31
9.57
10.44
9.96
9.84
9.76
9.88
10.56
10.14
9.98
10.12
10.08
10.48
10.01
10.26
10.31
10.05
10.36
9.64
10.7
10.19
10.47
9.12
9.65
9.66
9.63
10.29
10.43
10.23
9.65
10.01
10.05
10.08
9.93
10.32
10.04
10.27
10.34
10.26
9.96
9.8
10.3
9.66
9.89
9.78
9.49
9.93
9.83
9.69
9.24
10.11
10.15
10.14
10.16
10.14
10.27
9.58
9.89
9.82
10.04
9.26
9.99
10.19
9.94
9.99
10.1
9.75
10.16
9.55
10.2
10.31
9.76
10.11
9.97
10.38
9.97
9.74
10.09
10.15
9.67
9.73
10.14
9.76
9.83
9.9
10.19
10.25
10.32
10.6
9.87
10.01
10.06
10.1
9.99
9.72
10.61
10.35
10.52
10.63
9.93
9.51
9.91
9.65
9.69
9.9
9.98
10.34
9.92
9.8
9.88
10.22
10.03
9.84
10.36
10.24
10.05
9.58
10.16
10.13
10.53
9.86
9.6
10.26
10.3
10.08
10.01
9.62
10.28
9.91
9.47
10.55
10.41
10.71
10.17
10.29
9.71
9.97
10.73
10.27
10.1
10.43
9.87
10.01
10.03
9.64
9.61
9.77
10.33
10.22
9.67
9.97
9.84
10.41
9.6
9.59
10.29
9.85
10.54
10.2
10.31
10.67
10.56
10.29
9.88
9.96
10.08
10.07
10.03
10.2
9.63
10.07
10.81
9.86
10.13
9.85
9.47
10.24
9.96
9.66
9.9
10.04
9.78
10.31
9.68
10.07
9.81
10.38
10.72
10.85
10.12
9.88
9.84
9.36
9.61
9.92
9.96
10.37
9.64
9.6
10.23
9.92
10.07
9.73
10.05
9.75
9.7
10.08
10.21
9.51
10.79
10.37
10.01
9.99
9.41
10.14
9.51
10.01
9.75
10.39
9.11
9.66
10.48
10.33
10.44
9.83
10.09
10.59
10.55
9.75
10.59
10.47
9.7
9.73
10.43
9.74
10.16
10.04
9.04
9.79
10.51
9.95
10.07
9.95
10.04
10.06
9.98
9.46
9.85
10.36
10.0
10.2
9.86
9.81
10.01
10.48
9.99
9.17
9.82
10.1
9.78
10.16
9.45
10.05
9.34
9.33
9.88
9.94
10.14
9.83
10.09
9.88
10.41
9.9
9.93
10.4
10.33
9.84
9.88
10.13
10.2
10.09
10.37
9.84
10.1
10.18
9.64
9.91
10.28
10.18
10.3
10.17
9.71
10.06
10.0
10.39
10.18
10.07
9.29
9.72
10.15
9.74
10.17
9.55
10.05
9.77
10.23
10.01
10.02
9.58
9.93
10.06
10.29
9.81
10.07
10.07
9.84
9.81
10.01
9.48
9.59
9.9
9.86
10.29
10.18
10.12
9.68
9.43
10.65
10.4
9.88
9.78
9.91
9.71
9.95
10.54
10.08
10.15
9.84
9.62
9.86
10.56
9.75
9.96
10.11
10.09
10.07
10.27
9.19
10.12
9.84
10.22
10.05
10.02
9.75
9.87
10.15
9.99
9.75
9.35
10.26
10.16
10.13
9.77
9.95
9.7
9.96
9.99
10.06
10.12
9.72
10.45
10.48
10.14
9.94
9.45
10.02
10.43
10.32
9.99
9.79
10.01
9.95
10.15
9.88
10.28
9.85
10.02
10.29
9.78
10.31
10.29
10.07
10.04
10.27
9.71
10.52
10.07
10.39
9.97
10.31
9.1
10.23
10.33
10.6
9.68
10.47
9.64
9.8
9.91
10.22
10.1
9.32
9.81
9.57
9.73
10.25
9.99
9.31
9.84
9.65
10.03
9.99
10.1
9.65
10.22
9.32
10.56
10.27
10.08
10.3
10.16
9.95
10.0
9.33
9.91
9.81
9.59
10.48
10.44
10.39
9.42
9.96
10.48
10.19
9.96
10.15
9.96
9.4
9.69
9.49
9.69
10.32
10.06
9.94
9.89
10.24
10.34
9.85
10.04
9.92
10.1
9.59
9.65
10.23
9.83
10.51
9.96
10.32
9.65
9.76
9.32
9.9
9.5
10.35
10.29
9.86
10.04
10.13
9.44
9.95
9.86
10.23
9.94
10.12
9.89
9.96
10.36
9.73
10.04
9.81
9.88
9.87
10.44
9.88
9.85
9.79
9.83
9.85
9.95
10.1
10.1
9.71
10.48
10.21
9.43
9.8
9.69
10.68
9.94
10.35
10.24
10.1
9.82
9.91
10.18
10.65
9.2
9.94
10.4
10.26
10.29
10.0
10.05
10.29
10.2
9.51
10.08
9.75
9.93
10.09
10.27
9.36
9.99
9.9
9.87
10.53
10.06
9.99
9.66
10.38
9.97
10.02
9.97
9.64
9.42
10.42
10.06
10.21
9.65
10.25
10.11
9.98
9.16
10.53
10.32
10.38
10.2
9.76
10.09
9.54
10.09
9.96
9.23
10.0
10.49
9.82
10.21
10.24
9.89
10.53
10.02
10.03
9.41
10.34
9.78
10.37
10.19
9.69
9.46
9.6
10.02
9.68
9.79
10.11
10.16
10.18
9.82
9.55
10.44
10.23
10.11
10.29
9.59
10.05
9.74
10.58
10.08
9.72
10.31
10.1
9.54
10.4
10.31
9.28
9.24
10.31
9.96
9.94
9.68
9.85
9.95
9.75
9.89
9.57
9.63
10.18
10.22
9.97
10.07
9.46
9.83
9.92
10.23
10.06
9.98
10.2
10.24
10.23
10.28
9.92
9.75
9.55
9.5
10.17
9.77
9.45
9.86
9.57
9.98
9.74
10.23
9.5
10.02
9.92
9.75
9.7
9.85
9.99
9.69
9.77
10.04
9.79
9.63
10.22
9.96
9.62
10.05
10.27
9.81
10.06
10.34
10.0
9.78
10.55
10.05
9.43
9.79
10.01
9.87
10.21
10.44
9.77
9.85
10.16
10.19
9.8
10.23
10.03
9.46
10.13
10.25
10.13
10.24
10.12
10.08
10.04
10.13
10.09
9.18
9.69
9.54
9.97
9.99
10.04
9.76
9.94
10.38
9.95
10.12
9.83
10.27
9.96
9.94
9.55
9.89
9.66
9.96
9.59
10.03
9.59
9.89
10.04
10.17
10.29
9.87
10.52
9.78
10.14
9.95
9.54
10.03
9.46
10.24
10.08
9.42
9.62
9.3
9.83
10.1
9.91
10.13
9.55
9.86
9.73
9.83
9.79
9.93
10.04
10.0
10.2
10.0
9.35
10.06
9.84
10.25
10.36
9.93
9.5
10.41
10.02
9.85
10.03
10.15
9.92
9.8
10.05
9.2
10.35
9.59
10.42
10.06
9.98
9.79
10.22
10.12
10.39
9.91
9.78
10.02
9.55
10.1
10.1
9.88
10.08
9.78
10.01
9.6
9.66
10.52
10.0
10.2
10.15
9.83
9.93
10.25
10.05
9.82
9.78
10.04
9.95
9.97
10.35
9.95
10.2
9.7
10.16
10.33
9.63
9.75
10.05
9.12
10.15
9.69
9.81
10.03
10.01
10.22
10.24
9.74
9.71
9.88
9.78
9.5
9.79
10.42
9.82
9.43
10.26
9.67
10.19
10.28
10.23
10.23
9.49
9.73
10.21
10.13
9.89
9.7
9.86
9.42
10.39
10.46
10.19
10.34
10.19
10.01
9.99
10.04
9.63
10.19
10.28
9.08
10.21
10.19
10.23
9.83
9.95
9.48
10.05
9.62
10.19
10.18
9.79
9.57
10.12
9.85
10.42
9.74
10.04
10.01
9.66
10.2
9.69
10.13
10.01
9.85
10.46
9.99
9.54
9.99
10.09
9.65
10.26
10.43
10.29
9.87
9.99
9.81
9.64
10.2
10.0
9.6
10.68
10.54
10.53
9.59
9.98
9.45
10.2
10.17
9.59
10.51
9.64
10.85
10.11
10.25
10.4
10.29
10.16
9.75
10.72
10.6
10.23
9.52
10.21
10.37
10.15
10.02
9.92
10.16
9.52
10.31
10.06
10.49
10.27
10.18
10.23
10.07
9.89
10.46
9.87
9.61
10.41
9.47
10.49
10.74
9.71
9.96
10.17
10.24
10.63
10.07
9.77
9.68
9.85
9.64
9.52
9.85
9.22
9.67
10.01
9.38
9.55
9.95
10.27
9.64
10.08
10.18
10.21
9.66
10.09
10.13
9.95
9.59
10.16
10.0
9.88
10.15
10.68
9.86
9.94
9.8
9.71
9.79
9.91
9.78
9.53
10.24
10.01
10.13
9.16
9.47
9.96
9.74
9.88
9.8
10.18
9.89
9.71
9.62
9.94
9.48
9.74
10.37
10.07
10.58
9.85
10.75
9.34
10.01
9.46
10.56
10.07
9.94
10.05
9.65
9.82
9.66
10.18
9.91
10.24
9.75
10.04
9.83
9.78
9.72
9.43
9.49
10.32
10.55
9.88
10.05
9.67
9.97
9.37
10.31
9.84
10.64
10.53
9.63
9.88
10.01
10.32
10.07
10.65
9.89
9.94
10.1
9.63
9.61
9.69
9.71
9.79
9.71
10.44
10.3
9.81
10.47
10.15
9.94
9.96
9.84
9.95
10.18
10.1
9.66
10.23
9.75
9.82
10.26
10.21
9.83
9.5
9.88
10.14
9.65
9.71
9.67
10.32
10.67
10.18
9.55
9.83
10.42
9.72
9.39
10.16
9.83
10.58
10.04
9.62
9.85
10.18
10.14
9.58
10.13
10.9
9.98
10.01
9.93
9.67
10.06
9.96
9.97
10.13
10.29
9.68
10.54
9.65
10.24
9.8
9.97
10.06
10.21
9.87
9.84
9.95
9.69
10.49
10.16
10.04
9.96
9.97
9.53
9.69
9.47
10.34
10.45
9.58
10.34
9.9
10.02
9.93
9.57
9.77
10.39
10.14
9.81
9.87
10.27
10.17
10.13
9.67
9.98
9.86
10.07
10.52
10.17
10.23
10.13
9.79
9.52
10.28
10.07
9.78
9.83
10.23
9.78
10.5
9.92
9.78
9.45
9.86
10.14
9.59
10.02
9.59
9.71
9.34
9.94
9.58
10.06
9.8
9.83
9.74
9.96
9.91
10.39
10.2
10.07
9.79
10.11
10.18
10.34
9.68
10.08
10.11
10.27
9.5
10.17
9.89
9.89
10.33
9.56
10.06
9.87
10.02
10.25
9.38
10.22
9.55
10.06
9.78
10.11
10.04
9.87
9.48
9.12
9.96
10.16
10.36
9.71
10.11
10.05
10.67
10.24
9.5
9.73
9.68
9.55
9.92
9.9
10.33
10.01
10.25
9.87
10.35
9.81
9.83
9.91
9.93
10.08
9.54
10.08
10.23
9.9
10.11
9.84
10.28
9.97
9.64
9.96
9.9
9.63
9.67
10.24
9.95
10.36
9.74
10.12
9.84
9.66
9.84
9.77
10.21
10.09
10.03
9.89
10.5
9.99
9.83
9.91
10.42
9.65
9.77
9.76
10.44
10.3
9.22
9.59
10.33
9.52
10.51
9.63
10.06
10.06
9.8
10.67
9.91
10.1
9.86
10.07
9.96
10.14
10.04
10.43
9.79
10.08
9.76
9.72
10.1
9.99
10.01
10.37
9.49
10.24
10.5
10.59
10.01
9.51
9.87
9.45
10.02
9.35
10.33
9.99
9.77
10.33
9.67
9.89
9.93
10.01
10.46
9.86
10.08
9.9
9.67
10.07
10.55
10.41
10.24
9.94
9.36
9.78
9.91
10.01
9.92
10.2
9.88
9.39
9.56
9.13
10.72
10.47
9.77
10.06
9.95
9.6
10.24
10.59
9.73
9.37
9.9
10.24
9.88
9.96
9.5
9.83
9.63
10.26
9.91
10.3
9.54
9.94
9.57
10.08
10.44
9.97
10.19
10.39
9.29
9.6
9.8
10.28
9.66
9.85
9.95
9.9
9.75
10.62
9.9
9.75
10.57
9.61
9.73
10.22
9.99
10.0
9.8
9.82
10.0
9.85
10.12
10.14
9.91
9.89
10.33
9.74
10.11
10.05
10.23
9.52
10.45
10.13
9.98
9.87
9.93
10.14
9.67
9.7
9.75
9.65
9.75
10.05
9.8
10.05
9.79
10.2
10.55
9.99
9.93
10.28
10.15
10.39
10.35
9.56
9.76
9.84
10.69
10.15
10.02
9.97
10.23
10.51
9.6
10.07
10.27
9.59
9.93
9.93
10.33
9.87
9.95
9.92
9.76
10.05
9.57
10.41
9.71
9.91
10.32
10.22
9.84
9.74
9.88
11.11
9.75
10.14
9.63
9.97
10.26
9.79
9.78
10.24
10.41
9.87
10.23
10.15
9.86
10.36
9.32
10.21
9.61
10.09
9.94
9.61
10.32
10.33
9.94
10.39
9.97
9.73
9.18
10.06
9.83
9.72
9.5
10.06
10.42
10.07
9.87
10.13
9.84
9.56
9.97
9.8
9.29
10.32
10.23
9.65
9.67
10.26
9.41
9.77
10.3
9.68
10.09
10.31
10.14
10.02
9.82
10.15
9.91
10.22
10.06
10.48
9.45
9.37
10.4
10.42
10.34
9.98
10.27
9.73
10.99
10.15
10.35
9.86
9.98
10.32
9.6
9.59
10.07
10.1
9.74
9.55
10.51
10.05
9.87
9.42
9.94
9.91
9.66
10.17
10.19
10.27
10.03
9.8
10.49
10.04
10.22
9.99
9.56
10.08
10.38
10.34
9.98
10.16
10.14
10.08
9.8
10.4
10.19
10.25
10.05
10.17
9.4
10.33
10.61
10.04
9.93
9.71
10.34
9.79
9.74
10.04
9.53
10.59
9.47
9.94
9.5
10.33
9.65
9.74
9.44
9.72
9.74
9.82
10.43
9.55
10.08
10.25
9.89
10.2
9.86
10.09
9.81
10.22
9.46
10.38
9.95
10.38
9.7
9.9
9.77
10.31
9.71
9.93
10.05
9.52
10.1
9.74
10.26
10.3
10.67
10.46
10.41
9.65
10.16
9.97
9.39
10.4
9.68
9.97
9.57
10.11
10.4
9.76
9.77
10.45
9.92
10.75
9.82
9.77
10.15
10.18
10.0
9.61
9.37
9.5
10.44
10.04
9.73
10.26
10.14
10.48
10.21
10.17
9.78
10.42
9.63
9.96
9.59
9.86
10.03
9.88
9.87
10.11
10.16
9.96
9.9
9.77
10.05
10.16
9.89
10.19
9.74
9.66
9.7
10.23
10.22
10.12
10.37
9.94
9.84
10.3
9.75
10.15
10.52
9.72
10.31
9.48
9.98
10.24
9.57
10.05
10.21
10.46
9.95
10.13
10.15
9.7
10.13
9.97
10.07
9.86
10.28
10.15
10.15
10.02
9.49
10.0
10.14
9.98
9.99
9.68
9.94
10.26
10.12
10.47
9.67
10.06
9.75
10.39
10.64
9.67
9.98
10.56
9.7
10.02
9.91
10.04
10.19
9.88
10.08
9.18
9.91
10.11
10.17
9.88
9.17
9.71
10.98
9.6
9.74
10.11
10.01
9.5
9.92
10.0
9.97
10.31
10.11
10.09
10.18
9.72
9.67
9.94
10.0
9.19
10.26
10.0
10.26
9.8
9.6
10.14
9.65
9.84
10.36
9.72
10.38
9.75
9.93
10.08
9.95
9.62
10.09
9.88
10.05
9.98
10.5
9.81
9.93
10.67
9.93
9.89
9.55
10.4
10.36
10.15
10.2
10.35
9.76
9.54
10.04
10.31
9.47
10.04
10.33
9.73
10.21
9.53
9.65
10.26
9.95
9.78
9.45
10.21
9.78
9.64
10.39
10.3
10.08
10.44
9.41
9.68
10.16
10.24
9.3
10.34
9.92
9.74
10.37
10.01
9.59
9.4
9.79
10.08
9.43
10.35
9.48
10.25
9.66
10.28
10.35
9.98
10.42
9.72
9.92
10.15
9.85
10.25
9.61
10.12
10.55
9.66
10.18
9.89
10.34
9.82
10.01
10.18
10.17
10.38
9.85
9.54
10.71
10.0
10.17
9.39
9.66
10.21
9.8
9.74
10.01
8.86
10.2
10.02
9.86
9.77
10.36
10.07
9.77
10.08
9.99
9.81
10.0
10.08
10.28
9.33
10.17
9.65
10.55
10.44
10.06
10.23
10.01
10.89
9.75
10.05
10.19
9.92
9.53
10.09
10.2
10.09
10.05
9.39
9.76
10.32
9.99
10.15
10.06
10.21
9.94
9.86
9.47
10.13
9.78
10.03
10.1
10.32
10.04
9.88
9.75
9.86
9.44
10.1
10.84
10.14
10.1
10.01
10.0
10.49
9.75
9.89
9.86
9.49
9.54
9.2
10.01
9.83
9.89
9.6
9.96
9.95
9.64
10.13
10.43
9.46
10.1
10.06
10.09
9.92
9.79
10.03
9.81
10.29
10.12
10.01
10.07
10.53
10.6
9.92
9.43
9.75
9.83
10.16
9.81
9.62
10.28
10.04
10.11
9.6
10.15
10.41
10.03
9.85
9.51
10.31
9.97
9.73
9.97
9.83
10.32
10.3
9.45
10.19
10.25
10.31
10.4
9.8
10.3
9.86
10.39
10.19
9.43
10.23
10.02
10.36
9.69
10.31
9.37
10.13
10.17
10.46
10.18
10.0
10.27
10.19
9.67
9.74
9.85
9.92
10.19
9.59
9.81
10.14
10.07
9.76
10.06
10.0
9.83
9.7
10.58
9.72
10.09
10.05
9.93
10.61
9.94
9.58
9.93
9.78
10.17
10.56
9.57
10.03
9.83
10.45
10.68
10.38
9.24
9.75
10.14
9.68
10.57
9.84
10.28
9.66
9.64
10.12
9.71
10.1
10.27
9.67
10.78
10.37
9.5
10.29
9.97
10.22
10.58
9.51
10.08
10.37
10.07
9.98
9.83
10.05
10.21
9.79
9.49
10.26
9.58
9.71
10.21
9.85
10.16
9.73
9.5
9.63
9.74
10.23
10.23
10.05
10.28
10.04
9.76
9.93
9.68
9.82
9.94
10.09
10.68
10.07
10.26
10.07
9.56
10.2
9.85
9.66
10.12
9.48
8.96
10.63
10.03
9.96
9.5
9.69
10.51
9.98
10.16
9.73
10.25
10.0
10.4
10.33
9.79
10.24
10.19
10.17
10.06
10.39
9.8
9.87
9.58
10.0
10.35
9.83
10.04
10.02
9.7
9.84
10.11
9.92
10.13
9.27
10.35
10.15
9.8
9.88
9.73
9.67
9.64
9.89
10.13
9.87
10.51
10.6
9.75
9.46
10.04
9.99
9.59
10.14
10.56
10.03
10.05
9.89
10.04
10.02
9.73
9.92
10.24
10.75
9.9
10.36
10.33
9.86
10.39
9.24
10.35
10.08
10.25
9.98
10.18
10.14
10.2
10.2
9.76
10.05
9.27
10.15
10.65
9.55
10.23
9.69
10.25
10.18
9.87
10.12
9.79
9.95
10.27
9.83
10.01
9.74
9.82
9.44
9.96
10.14
10.26
10.12
9.29
10.17
10.22
10.14
9.96
9.87
9.37
10.2
9.81
10.52
10.53
10.03
10.06
9.78
9.94
9.85
9.94
10.25
9.83
9.27
9.51
9.7
9.96
9.88
10.25
10.0
9.83
10.28
9.87
10.48
9.83
10.3
9.76
10.0
9.79
10.29
10.24
9.77
9.61
10.1
9.62
10.69
10.25
10.41
10.05
10.5
10.22
10.38
9.68
9.77
10.12
9.86
9.55
10.12
8.81
10.34
10.06
9.86
9.39
9.9
9.74
10.52
10.29
10.42
10.78
10.13
9.2
10.32
10.57
10.37
10.09
9.33
10.39
10.13
10.4
10.01
9.57
10.14
10.41
9.98
9.98
10.12
10.24
10.18
10.04
9.46
9.96
9.69
9.83
9.79
10.22
9.96
9.47
10.44
10.11
9.81
9.47
9.97
10.06
9.62
9.85
9.94
10.1
9.46
10.57
10.2
10.44
10.23
10.47
10.06
10.13
10.0
9.79
9.88
10.16
9.73
10.37
9.78
10.31
9.91
10.58
9.63
9.83
9.63
9.85
9.33
10.42
10.02
10.0
10.14
10.25
10.18
9.79
9.64
10.06
10.18
10.01
10.18
9.86
10.25
10.25
9.82
9.91
10.11
9.68
9.78
9.88
9.65
9.69
9.47
10.02
10.05
9.63
10.24
9.76
9.81
10.05
9.6
10.34
9.95
10.07
10.03
9.68
10.18
9.76
9.49
10.01
10.43
9.86
10.58
9.92
10.47
9.89
9.88
10.11
10.08
9.95
9.53
9.8
9.61
10.02
9.8
10.09
10.11
9.98
10.41
10.22
10.23
10.6
9.94
10.02
9.87
10.11
9.78
9.65
10.25
9.4
9.34
10.26
10.13
9.97
10.02
9.68
9.99
9.56
10.7
9.88
9.96
10.19
10.47
10.1
9.85
9.79
10.06
9.84
9.88
10.58
9.37
9.4
10.31
10.12
9.68
9.9
10.04
9.88
9.72
9.85
9.54
9.63
9.83
10.15
9.69
10.58
10.09
10.19
10.23
10.17
10.03
9.2
9.81
10.18
9.58
10.2
9.62
10.6
10.06
10.29
9.78
9.91
9.8
9.79
10.35
9.72
10.22
10.16
9.81
9.63
9.93
10.4
10.53
10.11
9.78
10.42
10.44
9.97
9.67
10.51
10.38
10.29
10.16
10.34
9.68
10.11
10.07
10.12
9.92
9.49
10.03
9.68
10.01
9.83
10.15
10.0
10.51
9.95
10.09
10.19
9.96
9.84
10.11
10.1
9.79
9.81
10.37
9.72
10.4
10.0
9.85
10.13
10.31
10.15
10.55
10.46
9.92
9.93
10.06
9.49
10.08
9.74
9.76
9.92
9.85
10.14
10.09
10.12
9.69
9.86
9.98
9.99
9.45
10.29
9.93
9.39
9.83
10.18
10.47
10.1
9.89
9.79
9.82
9.79
9.36
10.22
9.83
9.69
10.07
9.68
10.53
10.04
10.13
10.01
9.84
10.51
10.47
9.48
9.77
9.93
10.06
10.75
10.2
9.91
9.75
10.04
9.87
10.02
10.03
10.06
9.91
10.17
9.78
9.87
10.02
10.1
10.03
9.89
9.99
10.01
10.16
10.11
10.28
9.52
10.38
9.56
9.94
9.77
9.99
9.85
9.44
9.77
9.79
10.31
10.35
10.09
10.4
10.22
9.7
10.19
9.82
9.77
10.36
9.94
9.81
10.05
10.01
10.36
10.54
9.41
9.5
9.94
9.68
9.78
9.85
10.38
10.38
10.03
9.82
9.55
10.15
10.01
10.23
10.17
9.78
10.61
9.71
10.1
9.66
9.99
10.09
9.2
10.17
10.08
9.65
9.9
10.24
9.96
9.59
10.47
10.27
9.84
9.96
10.57
10.17
9.71
10.16
9.9
9.92
10.64
9.77
9.91
10.44
10.55
10.36
10.22
10.14
9.84
9.87
10.25
10.42
9.87
9.81
10.7
10.16
9.95
10.33
9.63
10.57
9.95
9.9
8.94
10.71
9.64
10.11
10.31
10.34
10.09
9.89
10.08
10.11
10.05
10.33
10.46
9.84
10.62
10.18
9.5
10.28
10.35
10.15
10.32
10.09
9.8
9.73
10.29
9.96
10.1
9.83
9.68
9.93
10.0
10.32
10.14
10.07
10.13
10.33
9.89
9.71
10.06
9.83
10.18
9.89
10.61
9.85
10.04
10.35
10.11
10.27
10.42
10.15
10.37
9.59
10.64
9.5
9.76
10.34
9.77
10.58
10.15
9.96
9.82
9.97
9.62
9.91
9.7
9.82
9.54
10.18
9.73
9.85
9.97
10.09
10.17
9.11
10.27
10.08
10.32
10.15
9.56
10.3
9.39
9.57
9.53
10.16
10.31
10.22
10.02
10.02
9.3
10.09
10.05
10.46
10.19
10.28
10.29
10.18
10.32
10.18
10.28
9.8
9.83
10.02
9.55
9.86
10.46
10.64
9.37
9.44
10.15
10.67
10.23
9.81
10.56
10.14
9.54
9.98
10.02
9.47
10.41
10.01
9.91
9.91
9.88
9.31
9.88
10.32
9.99
10.19
8.96
10.3
9.63
9.43
9.95
9.88
10.02
10.03
10.31
10.22
10.26
9.78
9.44
9.86
9.99
9.9
9.51
10.5
10.22
9.73
10.37
9.53
10.01
10.23
10.35
10.37
10.2
10.05
10.03
10.45
9.75
10.28
9.68
10.2
10.22
10.37
9.71
9.7
9.36
9.91
10.27
10.18
10.07
9.97
9.8
10.72
10.16
9.91
10.56
10.03
9.88
10.25
10.21
10.26
9.91
9.97
9.7
10.18
9.44
10.52
10.01
9.72
10.15
10.08
9.84
10.04
10.18
9.47
9.7
10.14
9.82
9.99
10.02
10.29
9.85
9.82
9.71
9.61
10.29
10.15
9.74
9.69
9.88
9.94
10.02
9.96
10.04
10.03
9.67
10.12
9.6
9.84
10.42
10.03
9.7
10.03
9.8
9.68
10.35
9.83
9.87
9.69
10.1
9.73
9.67
9.43
10.53
10.1
9.87
10.88
10.02
10.55
10.27
9.86
9.87
9.7
9.97
9.57
9.9
10.59
10.25
9.89
10.59
10.31
10.11
9.85
9.83
10.34
9.35
10.1
10.62
9.82
9.92
9.43
9.72
10.05
9.76
9.67
10.44
9.75
10.39
10.21
9.62
10.09
9.49
9.46
10.27
10.54
9.74
10.0
10.14
10.02
9.65
10.0
10.68
10.09
9.74
9.71
10.24
10.48
10.02
10.3
10.05
10.59
9.69
10.15
9.71
10.25
10.01
9.97
9.48
9.79
10.15
9.81
10.02
9.99
10.12
9.86
10.32
9.64
9.75
10.01
10.02
9.8
9.78
10.17
9.84
10.01
9.97
10.11
10.39
9.58
10.22
9.99
10.62
9.76
9.89
10.48
9.38
10.19
9.72
9.56
9.74
9.86
10.4
10.07
9.99
9.39
10.28
10.07
10.33
9.88
10.7
10.11
10.51
10.12
9.98
9.65
10.14
10.12
10.25
10.45
9.86
10.46
10.04
9.74
10.29
10.53
10.2
9.5
9.82
10.13
9.8
10.03
9.76
9.41
10.33
9.97
10.55
9.49
10.07
9.96
10.07
9.87
9.78
9.74
10.14
9.95
10.24
10.46
10.32
10.27
10.1
10.12
9.72
10.48
9.56
10.15
9.83
10.12
9.77
10.11
9.62
10.31
10.06
10.2
10.07
10.26
9.8
9.37
10.56
10.27
10.11
9.72
9.33
10.34
10.37
9.77
10.02
10.15
10.05
10.18
10.19
10.23
10.56
9.97
10.43
9.77
10.22
10.2
9.99
9.85
9.81
10.03
10.28
10.27
9.96
10.12
10.14
9.98
9.76
9.92
9.79
9.73
9.86
9.96
10.34
9.83
10.03
10.33
10.18
9.88
9.39
10.11
9.99
10.12
9.94
10.43
10.36
9.73
10.08
9.89
9.98
9.42
10.11
9.78
9.29
10.3
10.11
10.03
9.96
9.42
9.58
10.31
10.45
10.22
9.36
10.31
10.25
9.89
9.86
10.24
10.07
10.24
10.64
9.99
9.94
10.41
9.89
9.87
9.93
10.29
9.9
10.29
10.37
10.24
10.43
10.16
9.53
10.08
10.35
9.97
9.52
9.98
9.73
9.95
9.96
10.07
9.99
9.84
9.64
10.18
9.96
10.29
9.87
10.23
10.29
10.07
9.89
10.17
9.36
9.96
9.93
10.08
10.32
9.76
10.37
10.01
9.96
10.23
9.71
10.23
10.32
10.34
9.65
10.15
10.02
10.49
9.65
10.14
10.07
10.0
10.16
9.69
10.17
9.94
9.46
9.94
10.1
10.62
9.38
9.85
10.4
9.74
10.16
10.23
10.35
9.79
9.8
9.77
9.59
10.16
9.94
9.72
9.7
9.74
10.3
9.45
9.7
10.31
9.82
10.31
10.19
10.12
9.75
9.73
10.55
9.95
10.21
10.33
10.12
10.3
10.24
10.07
10.3
10.03
10.01
10.03
9.6
9.4
9.77
9.46
10.25
9.89
10.28
10.19
9.71
10.54
9.49
10.33
9.97
9.61
9.93
10.31
10.24
9.71
10.16
9.91
10.28
9.58
9.81
9.49
10.02
9.93
10.37
10.0
10.22
10.08
10.05
9.94
9.86
10.12
9.95
10.21
9.59
9.8
9.67
10.18
10.01
10.71
9.87
10.38
9.83
9.71
10.08
9.97
9.83
10.03
9.2
10.07
9.87
10.01
9.92
10.73
9.89
9.94
10.53
9.81
10.45
9.94
10.41
10.19
10.0
10.46
9.76
10.22
10.24
9.95
10.12
9.92
10.59
10.18
9.93
9.98
10.1
10.25
10.19
9.8
9.71
10.32
9.8
9.76
9.86
9.23
9.72
10.0
10.15
9.84
10.25
9.46
9.72
10.33
10.02
10.45
9.79
9.9
9.95
10.13
9.87
9.58
9.82
10.08
9.97
10.48
10.32
9.94
10.15
10.07
9.88
9.52
9.96
10.02
9.92
9.98
10.2
10.43
9.98
9.84
10.28
10.05
9.82
10.0
10.11
10.42
9.97
9.99
10.03
10.35
9.52
10.25
9.9
10.47
9.71
9.19
9.82
10.16
9.17
9.73
10.36
9.89
10.49
9.92
10.24
10.18
9.75
10.48
9.97
10.3
10.34
9.92
10.15
10.09
10.28
9.49
10.14
9.76
9.76
10.17
10.02
9.5
9.64
10.05
10.4
9.97
10.23
10.65
9.81
9.91
10.44
10.14
9.72
10.37
9.83
10.67
10.31
9.85
10.18
10.0
10.12
10.0
10.68
10.39
10.22
9.9
10.27
10.11
10.21
10.41
10.58
9.78
10.38
9.6
9.86
10.41
9.91
9.84
9.91
10.03
10.61
10.53
10.33
10.14
10.34
10.7
10.1
9.9
10.0
10.08
9.99
10.6
9.89
10.2
10.14
10.01
10.05
10.23
9.9
10.14
10.04
9.79
10.04
9.57
9.42
10.13
10.3
10.33
9.96
9.65
10.22
8.99
10.36
9.74
9.83
9.85
10.19
9.58
9.95
9.5
9.77
9.43
9.64
10.04
9.97
10.07
10.1
9.75
10.12
9.97
10.19
10.03
9.68
10.49
10.15
10.11
10.6
9.89
10.0
10.02
10.29
10.27
10.19
9.99
10.15
10.02
9.72
9.51
10.31
10.3
9.81
9.81
9.92
10.41
10.18
9.89
9.87
9.96
9.96
9.83
10.11
10.24
9.55
9.79
10.09
10.27
10.14
10.12
9.88
10.03
9.49
10.16
10.33
9.84
10.29
9.79
10.07
9.71
10.27
10.37
10.01
9.99
10.04
9.9
9.98
9.76
9.95
10.13
9.49
9.91
9.39
9.37
10.24
10.1
10.24
9.42
9.95
10.49
10.24
9.93
9.49
10.02
10.15
9.36
10.17
10.32
10.0
9.93
10.51
9.33
9.88
10.14
10.31
9.97
9.73
10.17
10.18
9.82
9.67
9.93
10.04
10.08
10.27
9.65
9.82
9.74
9.99
10.01
9.91
10.14
9.77
9.88
10.16
9.78
10.29
10.18
10.32
10.67
10.25
10.06
10.37
9.67
9.95
9.65
10.16
9.51
9.65
9.86
9.62
10.61
10.51
9.54
10.3
9.61
9.9
10.18
10.47
10.23
10.08
9.68
10.14
10.37
10.24
9.66
10.31
10.06
10.39
10.46
9.84
9.77
10.48
10.07
9.77
10.05
9.41
9.68
10.02
10.2
9.87
9.33
10.34
9.96
10.38
10.21
9.83
9.52
9.45
9.84
9.65
9.81
9.67
9.55
10.39
9.6
10.32
9.63
9.85
9.79
10.27
10.01
9.72
9.72
9.49
10.52
10.45
9.59
10.02
9.94
9.79
10.24
10.38
9.61
9.58
9.6
9.53
9.95
9.99
10.14
9.96
10.28
9.96
9.86
9.77
9.99
10.19
10.31
10.3
10.1
9.91
9.31
9.58
9.82
9.7
10.12
9.8
10.34
10.04
10.0
10.41
10.61
9.71
10.14
10.17
10.36
10.68
9.52
9.72
10.69
9.92
9.93
10.07
10.03
10.01
9.5
9.55
9.74
10.29
9.98
10.23
9.85
9.64
9.35
9.93
10.31
9.96
9.99
9.99
9.3
9.93
9.8
9.84
10.08
9.37
10.28
9.75
10.02
10.17
10.83
10.22
10.11
10.46
10.1
10.16
9.58
9.64
10.28
9.57
10.03
10.37
9.74
9.6
10.09
9.93
10.4
10.41
9.89
9.81
10.23
9.95
10.1
9.8
9.77
9.87
10.19
9.86
10.4
10.03
9.84
9.92
9.94
10.84
10.04
10.09
10.64
9.76
9.99
10.02
9.64
9.92
9.52
9.51
9.83
9.87
9.58
9.89
10.08
9.52
10.08
10.25
9.89
10.57
9.86
10.41
9.68
10.17
9.46
9.72
10.18
9.83
10.45
10.28
9.92
9.9
9.69
10.09
10.61
10.29
10.55
9.6
10.32
10.32
9.87
10.1
10.21
10.07
10.22
10.29
10.24
10.07
10.07
9.69
10.12
9.89
9.79
9.89
9.87
10.01
9.99
9.97
9.9
10.6
10.33
10.07
10.06
9.37
9.94
10.41
10.13
10.01
10.04
9.81
9.69
9.45
9.22
10.02
9.93
10.3
9.83
9.74
10.34
10.28
10.08
9.75
10.2
9.48
9.87
9.58
10.27
10.11
9.68
9.66
9.82
9.73
9.83
9.77
10.14
9.73
10.18
10.15
10.03
10.74
10.38
9.54
9.9
10.17
10.28
9.95
10.95
11.04
9.97
10.08
9.74
9.98
9.91
10.51
9.92
9.65
10.1
10.21
9.84
9.89
10.2
9.81
9.6
9.41
10.3
9.63
9.68
10.01
9.6
9.8
10.01
10.07
10.59
9.81
10.16
9.6
10.03
9.44
9.52
9.77
10.19
11.06
10.1
9.64
9.97
9.79
9.62
9.65
10.35
10.45
10.29
9.7
9.37
9.71
10.28
10.29
9.7
9.96
10.35
10.16
10.24
10.22
10.51
9.68
10.17
10.29
9.97
10.42
10.24
9.85
10.22
9.98
10.26
10.0
9.94
9.57
10.4
10.37
9.42
10.51
10.04
9.99
9.53
10.2
9.94
10.17
10.42
10.21
9.87
10.13
10.11
9.85
10.14
10.86
10.0
9.96
10.02
9.38
9.76
10.14
10.32
10.22
10.36
9.99
9.55
10.23
9.55
9.88
10.01
9.95
10.53
10.25
9.85
9.98
9.96
9.89
9.82
9.79
10.26
9.98
9.75
9.52
9.92
9.8
10.5
9.89
9.66
9.85
9.84
10.17
9.81
9.62
9.81
10.09
9.25
10.18
10.28
10.05
9.88
10.04
10.12
9.99
9.48
9.94
9.76
9.94
10.06
10.16
9.86
9.66
9.97
9.76
10.62
10.12
10.26
9.62
10.2
10.39
9.99
9.79
10.18
10.24
10.05
9.6
9.91
10.01
10.42
10.1
9.95
10.36
9.96
9.73
10.08
10.5
9.87
10.42
9.74
9.76
9.24
10.19
9.96
10.11
9.41
9.84
10.05
9.52
9.73
10.49
10.12
10.12
9.68
10.72
10.03
9.98
9.8
9.8
9.65
9.52
10.27
9.61
9.94
10.22
10.22
10.15
9.92
9.42
9.96
10.36
10.28
10.07
10.28
10.04
10.0
9.83
9.88
9.52
10.2
9.69
10.49
10.03
10.38
10.46
10.4
10.56
10.41
10.18
10.0
9.78
9.72
9.61
9.24
9.83
9.99
9.92
10.16
10.3
10.1
9.86
10.05
10.67
10.53
9.87
9.75
10.07
10.6
9.74
9.73
9.89
9.98
10.06
9.92
9.74
9.05
10.19
9.69
10.29
10.53
10.9
9.76
10.09
10.02
9.94
9.86
10.22
9.88
9.54
9.78
10.0
10.4
10.18
10.47
9.99
10.31
10.47
9.26
9.84
10.31
10.07
9.95
10.43
9.91
10.02
9.97
10.15
9.97
9.95
9.91
9.86
10.44
9.77
10.17
10.13
10.52
9.85
9.73
9.22
10.48
10.05
10.0
9.55
9.94
9.64
9.74
9.95
9.66
9.95
10.93
9.97
9.57
9.72
9.83
9.8
10.63
10.02
10.4
10.29
10.2
10.09
10.17
9.84
9.84
10.47
9.72
10.07
9.6
9.47
10.37
10.26
10.13
10.09
10.19
10.4
10.37
9.72
9.85
10.3
10.19
10.25
9.79
9.43
9.67
9.93
9.79
9.78
10.39
9.99
10.48
9.34
9.54
10.49
10.01
10.2
9.5
10.25
10.65
9.8
10.42
9.67
10.25
10.32
9.5
9.68
9.96
10.07
9.92
10.14
10.08
9.72
9.7
10.0
10.38
10.31
9.88
9.73
10.03
9.5
9.69
9.78
9.94
9.67
10.02
10.12
10.01
9.57
9.82
9.93
9.74
9.9
10.77
9.73
10.14
10.13
9.79
10.05
10.58
9.89
10.34
10.16
9.17
10.77
9.5
9.99
10.28
10.46
10.11
10.24
10.39
9.99
10.15
10.01
9.62
9.95
10.09
9.93
9.83
10.39
9.93
9.88
10.11
10.55
9.83
9.12
9.48
10.08
10.02
9.33
10.17
10.11
10.07
10.22
10.41
10.18
9.41
9.6
10.34
10.33
9.83
9.99
9.84
9.39
10.09
9.97
10.25
10.25
10.61
10.48
9.86
9.9
9.9
9.95
10.3
10.15
10.09
10.12
10.45
9.43
9.78
10.24
9.69
10.17
10.03
10.34
10.03
9.89
9.33
10.09
9.17
9.76
10.05
10.12
9.98
9.81
10.02
9.62
9.71
10.44
10.11
10.33
9.99
10.03
10.3
10.27
9.56
10.06
10.35
10.19
9.55
9.77
9.68
10.61
9.71
10.72
9.8
9.52
10.02
9.46
9.81
9.66
9.95
10.22
9.79
10.43
10.76
10.06
10.18
9.94
9.78
9.77
9.67
10.05
10.2
10.33
9.98
9.85
10.17
10.26
10.43
10.25
10.46
9.67
9.77
10.24
9.37
9.91
10.14
9.75
10.34
10.25
10.17
10.15
9.92
10.15
9.76
10.39
10.28
9.88
9.99
10.42
10.03
9.96
9.92
9.75
10.49
9.82
9.91
10.15
9.51
10.11
9.8
10.18
9.8
9.98
10.18
9.94
10.9
9.92
10.14
10.28
10.09
9.85
9.92
10.0
10.07
10.02
10.45
9.7
10.09
10.15
10.56
9.96
9.55
9.77
9.33
10.09
9.92
10.01
10.18
9.94
9.57
10.26
10.01
10.51
10.25
9.97
10.14
9.74
10.0
10.96
10.59
9.99
10.37
9.96
9.38
10.57
10.25
10.38
9.36
10.11
10.65
10.29
9.85
10.03
9.77
9.96
10.03
10.4
9.74
10.17
10.92
9.94
9.55
9.96
9.7
10.07
9.95
10.35
9.92
10.28
10.19
10.05
10.53
10.56
10.57
9.7
9.88
9.94
10.69
9.89
9.92
10.69
9.9
10.01
10.32
9.74
10.26
10.43
10.0
10.2
9.77
9.96
10.06
10.1
9.79
9.8
9.98
10.01
10.47
9.75
10.17
9.84
10.67
10.25
10.01
9.73
10.38
10.23
9.69
10.4
9.9
9.74
9.98
10.28
10.45
9.88
9.96
9.32
10.14
10.59
10.21
9.5
10.15
9.64
9.95
9.94
10.02
10.03
10.53
10.08
9.85
10.02
10.47
9.67
10.33
9.66
10.21
9.84
9.96
9.94
9.67
9.75
10.3
9.24
9.73
10.32
9.88
9.75
9.7
10.22
10.7
10.11
9.84
10.35
9.86
10.1
10.27
10.7
10.57
9.97
9.66
10.24
10.46
10.32
9.77
9.5
10.47
10.44
9.75
9.58
10.06
9.42
10.33
9.87
10.13
9.57
9.85
10.05
10.15
10.12
9.94
9.45
9.6
9.71
10.09
9.87
10.35
9.71
9.68
10.65
10.0
9.56
9.54
10.46
9.63
10.41
10.53
10.26
10.09
9.47
9.59
10.25
10.28
9.44
9.8
10.2
9.96
10.36
9.72
9.46
10.03
10.11
10.33
9.96
10.41
10.24
9.95
10.06
9.81
9.94
9.54
10.09
10.42
9.86
10.3
10.07
10.2
10.33
9.91
10.19
9.85
9.92
10.06
10.01
10.52
9.76
9.11
10.54
9.79
10.53
10.3
10.46
9.74
9.62
10.35
9.41
9.73
10.24
10.49
9.45
9.81
9.92
10.0
10.01
9.76
9.51
10.21
10.07
9.81
10.39
10.26
10.38
9.57
10.54
9.83
10.12
9.79
10.07
10.06
10.6
9.68
10.33
9.96
9.78
10.01
10.26
9.94
9.87
10.07
10.1
9.73
10.38
10.16
9.88
10.17
9.7
9.75
9.85
10.48
10.01
10.64
9.95
10.07
10.11
10.4
10.27
9.89
10.03
10.12
9.52
9.87
10.11
9.91
9.61
10.16
10.2
9.63
10.13
10.64
9.73
9.7
10.37
9.58
9.36
10.17
10.37
10.03
10.12
9.81
10.16
10.47
9.85
9.88
9.64
10.33
10.71
9.81
10.33
9.38
10.32
9.98
9.65
9.61
9.86
10.14
10.61
9.86
9.77
9.72
10.39
10.02
9.38
10.03
9.27
9.54
9.92
10.14
9.85
10.35
9.69
9.96
9.55
10.03
10.05
10.05
10.89
9.77
9.76
9.67
10.12
9.66
10.22
9.73
9.76
9.62
10.24
10.33
9.49
9.92
10.06
9.91
9.48
10.85
10.08
10.19
10.23
9.21
9.93
10.2
10.28
10.04
9.68
9.59
10.05
9.87
10.13
10.33
10.19
9.96
9.86
9.95
10.38
9.36
10.38
9.69
9.57
10.8
10.06
9.72
10.29
9.86
9.63
9.67
9.95
9.83
9.48
9.66
9.38
10.52
10.3
9.8
10.15
10.11
9.94
9.91
9.65
9.67
9.88
10.24
10.57
10.28
10.07
9.59
10.57
10.26
10.07
10.23
10.22
10.34
9.34
10.22
9.95
9.77
10.11
10.09
10.27
9.85
10.31
10.14
9.57
10.22
9.93
10.16
10.62
9.64
10.26
10.05
10.35
9.59
10.43
10.4
10.24
9.88
10.28
10.26
9.41
10.04
10.31
9.98
10.31
10.7
10.0
10.3
10.21
9.68
10.5
9.76
10.19
10.0
10.36
9.67
9.77
10.18
10.37
10.32
9.82
10.17
9.21
10.25
9.91
10.42
9.71
10.02
10.71
10.33
10.16
10.2
9.75
9.95
10.05
10.27
10.03
9.64
9.79
9.96
10.52
9.64
10.03
9.79
10.09
9.72
10.3
9.83
10.11
9.89
10.3
9.91
10.0
10.1
9.76
9.87
10.02
9.96
10.33
9.76
10.14
10.1
10.37
9.66
10.22
10.12
10.19
9.9
9.43
9.73
10.03
9.81
10.15
9.53
10.41
9.91
10.58
10.57
9.97
9.99
10.11
10.6
10.03
9.64
10.02
10.11
9.92
10.11
10.11
10.06
10.67
10.05
9.32
10.1
10.25
10.59
10.03
10.69
10.36
9.5
9.63
9.98
10.12
9.54
10.39
10.2
10.18
10.41
10.27
9.63
9.98
10.0
9.47
10.2
9.68
10.44
10.38
10.03
9.71
10.12
9.94
9.94
9.95
10.24
10.38
9.94
10.38
10.26
9.9
10.22
10.46
9.65
10.14
10.05
10.06
9.97
10.52
10.1
9.94
9.82
10.59
9.75
10.15
10.37
9.81
10.14
9.96
10.3
10.46
10.01
10.6
10.0
10.15
10.08
9.59
9.85
10.02
10.2
9.93
10.28
9.48
9.67
9.65
10.04
9.97
10.01
10.62
9.8
10.14
9.91
10.17
9.87
10.06
10.16
10.29
10.17
10.76
9.81
9.27
10.44
9.49
10.65
9.45
10.79
9.68
10.04
9.63
10.07
10.24
10.05
9.53
9.8
10.44
10.33
10.65
9.96
9.85
9.54
9.98
9.75
9.79
10.27
9.93
10.01
10.15
10.02
9.73
9.89
9.92
9.83
10.62
10.13
9.96
9.86
10.42
9.66
10.32
10.4
10.6
10.34
10.1
9.98
10.23
10.28
10.25
10.5
9.71
9.83
9.42
9.33
10.07
10.05
10.4
9.8
9.63
10.12
9.47
10.28
10.19
9.75
9.97
10.1
10.14
9.93
9.47
9.85
9.93
9.53
10.56
10.11
9.81
10.16
9.82
10.22
10.38
9.4
10.03
9.62
9.67
9.91
9.77
10.36
10.13
10.3
9.84
9.64
9.39
9.51
10.09
9.9
10.04
9.34
10.14
10.15
10.35
10.08
9.44
10.13
10.55
9.47
10.37
9.77
10.18
10.25
9.49
10.26
9.85
9.98
9.58
10.33
9.28
9.81
9.87
9.57
10.2
10.01
9.93
10.15
9.55
9.57
9.76
9.68
10.16
10.13
9.97
10.44
10.3
10.37
10.29
10.25
10.53
9.99
10.06
10.5
10.69
10.56
9.74
10.16
9.7
10.08
9.57
9.4
10.03
10.03
9.9
9.93
9.97
8.91
9.85
10.19
9.99
9.76
10.3
10.0
10.24
9.77
9.84
9.53
9.84
10.16
10.29
9.57
9.93
10.14
10.26
10.22
10.3
10.17
9.4
10.32
10.51
9.96
9.73
9.8
10.1
9.79
9.7
10.1
9.69
9.77
10.06
9.93
10.05
10.29
10.64
10.53
9.38
10.2
10.09
10.27
9.94
10.41
10.4
10.12
9.87
10.04
10.7
10.39
9.83
10.02
10.27
10.02
10.41
9.72
10.38
10.1
9.42
10.53
9.71
9.84
10.35
9.97
10.68
9.7
10.67
9.84
10.32
10.14
9.87
10.27
9.94
9.93
9.92
10.32
9.59
10.39
9.84
10.03
10.54
9.73
9.86
10.25
9.73
10.32
10.19
9.91
10.23
10.17
10.72
9.92
10.02
10.67
10.33
10.54
10.19
9.66
9.65
9.62
10.08
9.92
9.27
10.47
10.15
10.26
10.07
10.18
10.29
10.0
9.57
10.43
9.85
10.28
9.85
9.87
10.28
9.64
9.61
10.15
10.03
9.86
10.35
9.48
10.63
10.65
10.01
9.75
9.53
10.28
9.56
9.58
10.29
9.54
10.13
10.21
9.7
10.63
10.02
10.26
10.46
9.76
10.01
9.55
9.95
10.49
9.41
9.92
10.68
9.89
10.31
9.98
9.59
9.93
9.87
10.11
10.41
9.78
9.97
10.48
10.08
10.2
9.6
9.51
9.92
9.55
9.85
10.55
10.15
9.97
10.18
9.9
10.21
10.34
9.48
9.81
10.26
9.64
10.33
10.06
9.86
10.1
10.19
9.41
10.16
9.77
9.97
10.33
9.97
10.08
10.11
9.86
9.62
10.21
9.82
10.11
9.96
9.89
9.74
9.88
10.34
9.96
9.72
10.06
10.69
10.16
9.66
10.42
9.71
10.84
9.76
9.81
10.49
9.49
9.76
10.56
10.9
10.08
10.15
10.61
10.06
10.02
9.46
10.15
10.08
9.43
10.15
10.23
10.32
9.94
9.94
10.02
10.0
10.3
10.3
10.01
10.04
9.9
10.29
10.11
9.95
9.72
10.05
9.62
10.1
9.71
10.1
9.84
9.69
9.69
9.7
9.83
9.6
9.99
10.82
9.92
10.41
10.58
10.58
9.86
9.7
9.95
9.9
10.17
10.21
9.9
9.81
10.4
9.89
9.61
10.12
10.32
9.33
9.56
9.73
10.53
9.69
10.4
10.27
10.1
10.17
9.6
9.7
10.2
9.69
10.6
9.62
9.96
10.0
9.52
9.68
10.14
10.06
9.86
10.31
9.95
9.85
9.94
10.21
10.18
9.27
9.93
9.6
9.95
10.1
10.11
10.72
9.79
9.39
9.57
9.81
9.57
10.01
10.26
10.25
9.82
9.89
9.97
10.14
10.09
10.21
9.73
10.72
9.99
10.45
10.36
10.35
10.08
9.73
10.2
9.56
9.93
9.7
10.1
9.52
10.45
10.57
10.05
10.84
9.79
9.78
10.11
10.13
10.5
9.82
10.24
10.3
10.44
9.93
10.0
10.26
9.81
10.03
9.69
9.92
10.4
10.0
10.21
9.39
9.82
9.62
10.05
9.9
9.89
10.49
10.68
9.78
9.96
9.66
10.07
9.94
10.21
9.95
9.69
9.74
10.18
10.32
9.93
10.08
9.52
10.3
9.89
10.04
10.12
9.87
9.73
10.08
10.18
10.14
10.12
10.42
9.94
10.2
10.39
9.75
9.81
10.77
9.73
9.17
10.06
9.84
9.75
10.24
9.89
9.45
9.81
10.07
10.23
10.19
10.05
9.92
9.63
9.47
10.19
10.37
10.42
10.26
9.8
10.03
9.66
10.05
10.63
9.9
10.3
10.29
10.19
9.61
9.71
9.58
10.09
9.58
9.7
10.18
9.85
10.0
10.23
9.78
10.17
9.88
9.73
10.04
10.67
10.21
10.29
9.9
10.23
10.0
9.85
10.08
10.37
10.67
9.9
9.72
10.32
10.31
10.05
9.72
10.31
10.05
10.64
9.88
9.8
9.6
10.38
10.0
10.23
9.73
9.71
10.58
9.86
10.34
10.69
10.49
10.0
9.79
9.84
10.45
10.3
10.21
9.37
10.01
10.29
10.17
10.11
10.62
9.71
10.28
9.64
9.84
9.5
9.57
9.66
9.72
10.04
10.04
9.39
9.88
10.19
9.44
9.75
10.46
10.18
10.43
9.76
10.04
10.51
10.73
10.29
9.99
9.7
9.8
9.99
9.81
10.27
10.05
10.19
10.05
9.66
9.87
9.46
9.88
10.09
9.42
10.03
10.26
10.28
9.79
9.53
10.21
9.54
9.92
9.2
10.18
9.73
10.09
9.96
9.79
9.68
10.01
10.38
10.12
9.89
10.25
9.79
10.13
10.07
10.33
10.04
9.79
9.79
9.65
10.24
10.11
9.92
9.36
10.28
9.94
10.66
9.38
10.58
10.5
9.97
10.04
9.52
9.83
10.28
9.71
10.01
9.94
10.15
10.13
9.56
10.5
9.87
9.16
9.81
9.82
9.89
10.03
10.54
10.57
10.1
9.63
10.29
10.26
10.01
10.04
9.77
10.07
9.27
9.94
10.56
10.16
9.54
10.43
10.52
9.55
10.28
10.41
10.25
10.18
10.02
10.12
9.76
10.55
10.42
9.55
9.74
10.36
9.3
10.06
10.3
9.74
9.91
10.33
9.9
10.08
9.38
9.34
10.14
10.17
9.87
10.15
10.23
9.83
9.91
9.73
10.33
9.92
9.89
9.7
10.72
9.99
10.49
10.13
9.93
10.28
9.91
9.81
9.93
10.45
10.53
9.45
9.96
9.78
10.09
10.11
10.07
10.18
10.16
9.97
10.18
9.64
10.3
9.9
10.11
9.89
9.31
9.69
10.1
10.25
9.75
10.17
10.32
9.91
9.3
10.28
10.17
9.66
10.21
10.28
9.81
9.94
9.93
10.01
9.81
9.86
10.12
9.9
10.63
9.88
10.48
10.06
9.76
9.77
9.8
10.48
10.4
9.77
10.19
10.67
10.25
9.7
9.86
9.98
9.87
9.86
9.64
10.51
10.6
9.91
9.92
10.08
9.39
10.04
10.02
9.5
9.66
10.04
10.24
9.89
10.03
9.88
10.18
10.27
10.23
10.07
9.99
9.72
9.44
9.68
10.41
10.28
9.97
9.84
10.09
10.93
10.41
9.97
9.83
9.74
10.09
10.15
9.94
10.33
10.32
10.08
9.74
10.13
9.92
10.23
9.65
10.44
9.94
9.91
9.38
9.57
10.4
10.22
10.45
9.71
10.13
9.82
10.21
10.06
10.33
9.53
10.38
10.1
9.15
9.6
9.97
9.48
10.2
9.85
10.0
10.45
9.82
9.95
9.77
9.47
9.47
9.71
9.91
10.57
9.68
9.73
10.57
9.82
10.09
9.82
10.2
9.95
9.85
9.85
10.29
10.04
10.72
10.23
10.07
10.04
10.26
10.38
10.23
9.82
9.79
9.98
9.72
10.15
9.46
9.61
10.27
9.78
9.61
10.51
10.61
10.02
9.99
10.49
9.91
9.96
10.25
10.28
10.57
9.78
9.47
10.38
10.21
10.72
10.59
9.96
9.39
9.92
9.84
9.8
9.85
9.38
9.74
9.87
10.22
10.4
9.73
9.64
9.62
10.19
10.09
10.66
9.94
9.71
9.9
9.43
9.86
10.0
9.73
9.97
10.32
11.13
10.32
9.85
10.07
10.2
9.79
10.1
9.89
10.49
10.25
9.96
9.8
10.02
10.5
10.27
10.0
10.05
9.99
9.89
10.18
9.78
10.13
10.6
9.93
9.94
10.35
10.32
9.86
9.73
9.83
9.66
10.15
9.96
9.9
9.87
10.07
10.11
10.06
9.95
9.58
9.81
10.09
9.71
10.23
9.81
10.02
10.04
9.66
9.9
9.79
9.76
10.19
9.58
9.8
9.46
9.95
9.69
10.18
9.77
9.8
9.45
10.16
10.0
9.96
9.71
9.64
9.97
9.92
10.59
9.66
9.32
9.79
9.68
10.02
9.69
9.95
10.39
9.51
9.8
10.12
9.93
9.84
10.0
10.22
10.49
9.95
9.69
9.69
9.55
10.2
10.06
9.96
10.34
10.15
9.56
10.39
9.82
10.15
9.99
9.8
10.48
10.31
10.32
10.41
9.86
10.25
10.49
10.18
10.09
9.53
10.54
10.08
9.88
9.75
10.53
10.2
10.1
10.31
9.94
10.05
9.83
10.16
10.29
10.13
9.81
10.04
9.55
9.96
9.9
10.55
10.2
9.95
10.63
9.86
10.69
10.54
10.87
9.95
10.34
10.11
10.06
10.16
9.95
9.89
9.62
10.51
9.68
10.23
9.89
9.78
9.51
9.73
9.69
10.07
9.65
9.96
9.84
10.23
9.69
10.28
9.8
10.22
9.85
9.57
10.03
9.93
10.11
10.12
9.66
10.48
10.33
9.6
9.55
10.25
9.3
10.01
10.3
9.87
10.05
10.28
10.03
10.34
9.73
9.72
9.79
10.29
10.36
9.87
10.33
10.19
10.03
9.84
10.43
10.13
9.95
9.48
10.55
10.34
10.02
10.03
10.15
9.87
9.9
10.04
9.53
11.07
9.79
9.81
10.07
10.01
9.85
10.01
9.23
10.43
10.2
9.97
9.57
10.5
10.25
9.41
10.2
9.75
10.08
9.73
10.24
10.4
9.75
9.91
10.57
9.73
9.96
9.57
10.06
10.21
9.68
9.91
10.09
9.88
10.35
9.87
10.29
9.52
10.04
9.69
10.48
9.67
9.98
10.28
10.06
10.13
9.54
10.31
10.04
9.35
9.35
9.89
9.39
9.78
9.96
9.84
9.75
10.19
9.82
10.02
10.22
10.14
10.12
10.07
10.26
9.86
10.1
9.69
9.87
9.89
10.64
10.76
10.28
9.68
10.29
10.24
10.38
10.34
9.37
9.93
10.11
10.4
10.19
10.65
10.06
10.44
9.82
10.33
10.17
10.19
9.77
9.5
10.39
9.63
9.73
9.43
10.4
9.59
10.18
9.86
10.3
10.34
9.91
9.91
9.66
10.0
10.2
10.23
10.15
10.55
9.78
9.89
10.0
9.91
10.09
9.63
10.35
9.8
9.84
9.54
9.93
10.05
10.14
9.78
9.7
10.21
10.2
9.48
9.72
10.62
9.78
9.39
9.83
10.15
10.22
10.54
10.15
10.12
10.22
10.72
9.5
10.18
10.17
10.07
10.21
10.02
10.17
9.52
10.1
9.9
10.03
9.69
9.68
10.27
10.1
9.89
9.87
9.92
9.99
10.1
10.28
9.5
9.74
10.48
10.19
9.72
9.89
10.07
9.82
10.55
9.99
9.74
9.62
9.8
10.37
9.65
9.86
9.54
10.09
9.21
10.05
10.53
10.35
10.11
9.68
9.99
9.71
10.6
10.48
10.1
10.4
9.58
9.83
10.06
10.42
9.29
10.13
10.02
10.07
10.22
9.99
10.14
9.89
10.2
9.74
10.04
9.81
10.03
9.69
10.11
9.97
10.07
10.44
10.58
9.82
10.07
9.97
10.27
10.18
10.49
10.19
9.17
10.16
10.16
9.88
9.51
9.81
9.88
9.77
9.93
9.86
9.97
9.17
10.32
10.04
10.22
10.02
10.67
9.84
9.95
9.85
9.45
10.06
10.21
9.32
10.11
9.92
10.27
9.78
9.71
10.09
10.25
9.93
10.28
9.76
9.76
10.16
10.5
10.27
9.95
9.89
10.27
9.95
9.49
10.16
10.3
9.92
10.07
9.68
9.75
9.79
10.04
9.22
10.04
10.17
10.09
10.47
10.12
9.63
10.26
10.06
10.18
9.96
10.41
10.29
10.19
10.65
10.29
9.62
10.16
10.12
9.57
10.53
9.62
9.38
9.98
10.08
9.33
10.26
10.19
9.72
11.2
9.98
10.32
9.96
10.23
10.12
10.06
10.07
10.12
10.29
9.81
10.18
10.07
10.17
9.81
9.88
10.53
9.93
9.98
9.93
9.89
10.27
10.32
10.4
9.69
10.06
10.07
10.16
10.13
10.17
10.02
10.18
9.91
10.16
9.61
10.57
9.68
10.21
10.03
10.13
10.07
10.34
9.51
10.2
10.18
10.34
9.82
9.96
10.01
9.84
10.09
9.53
9.88
10.08
10.63
9.83
9.68
9.94
9.57
9.49
9.77
9.89
10.29
10.02
10.12
9.48
10.31
10.18
10.15
9.66
9.88
10.43
9.81
10.11
9.57
9.85
10.01
9.83
9.87
9.96
9.85
9.89
10.7
10.11
9.89
10.33
10.01
10.52
9.85
10.23
10.15
9.99
10.12
10.3
10.25
9.68
10.29
9.86
10.14
9.98
9.56
10.4
10.12
9.65
9.43
9.67
10.4
9.9
9.84
9.87
9.91
9.65
9.78
9.83
9.83
10.07
9.92
10.01
9.75
9.82
10.06
10.18
9.96
10.65
10.42
10.02
10.03
9.89
9.85
9.62
10.22
9.01
9.62
10.41
9.55
9.79
9.44
9.62
9.86
10.44
9.65
10.03
10.34
10.67
9.48
10.06
9.58
10.33
9.67
10.25
10.2
10.04
9.13
9.79
10.05
9.74
10.08
10.37
9.8
9.96
10.23
9.25
9.54
9.83
9.99
9.67
9.66
10.31
9.66
10.52
9.74
10.17
10.58
10.23
10.06
10.31
9.53
10.04
10.19
10.01
10.31
9.21
9.66
9.77
9.76
9.46
10.35
10.05
10.17
9.9
9.68
10.12
9.72
9.65
10.14
10.22
10.25
10.07
10.42
9.78
9.84
10.2
9.79
10.01
9.89
10.07
10.17
9.87
10.27
10.09
10.32
10.18
9.75
10.0
10.29
10.65
10.15
10.08
9.5
10.13
9.38
10.01
9.91
9.84
9.94
10.37
10.0
10.5
10.29
9.69
10.0
10.24
10.08
10.55
9.64
9.8
9.83
10.15
10.59
9.86
9.73
9.93
9.7
9.87
10.28
10.34
10.01
9.98
10.62
9.3
10.01
9.79
9.79
10.0
10.09
9.86
9.62
9.65
9.9
10.52
10.08
10.34
9.66
10.28
10.53
10.09
9.5
10.2
10.48
9.57
10.14
10.11
10.39
10.55
9.56
9.54
9.81
9.98
10.04
9.96
9.82
9.91
10.7
9.85
10.12
10.29
9.89
9.94
10.43
10.52
10.01
10.25
9.9
10.04
10.31
9.72
10.39
10.2
10.13
10.77
9.71
9.99
10.01
10.36
9.84
10.26
9.87
10.0
10.48
10.01
10.18
9.87
10.15
10.09
9.8
10.56
9.94
10.04
10.43
10.04
10.51
9.53
10.15
10.74
9.6
10.01
9.92
9.76
9.95
9.78
10.4
10.01
9.77
10.41
9.16
9.86
10.33
9.98
10.13
9.79
10.4
10.26
10.18
10.06
9.92
10.3
9.48
9.57
9.79
10.33
10.18
9.76
9.92
9.95
9.44
9.54
10.31
9.81
10.28
10.38
10.04
9.96
10.43
10.3
9.71
10.24
10.15
9.72
10.26
10.02
10.08
10.05
10.46
10.0
9.99
9.81
9.79
10.16
10.09
10.32
10.14
10.02
9.67
10.01
9.99
10.03
9.49
10.32
9.64
9.73
9.4
9.67
10.31
10.03
10.31
9.63
10.13
9.65
9.61
10.41
10.22
9.79
10.31
10.13
9.7
9.84
9.8
10.15
10.1
10.35
9.79
10.21
9.85
9.69
9.91
9.81
10.07
10.34
9.96
9.68
10.17
9.91
9.6
10.21
10.41
9.97
10.44
9.9
10.12
10.02
9.8
9.34
9.86
9.55
9.84
10.17
10.19
10.56
9.38
9.39
9.67
9.73
10.22
9.95
10.13
10.41
9.9
10.28
9.67
9.71
9.62
9.85
10.3
9.99
10.03
10.23
10.5
10.28
10.08
9.34
9.96
10.1
10.32
9.9
10.54
10.55
9.89
9.52
9.48
9.34
9.73
9.68
10.28
10.0
10.33
10.32
9.9
9.89
9.77
10.19
10.18
9.98
10.21
9.95
9.98
9.55
9.98
10.11
9.91
10.11
9.68
10.16
9.48
9.51
9.54
10.04
9.51
10.16
10.63
9.66
9.95
10.25
9.75
10.24
10.45
10.31
10.0
9.98
10.55
10.44
9.75
9.96
9.65
10.37
10.15
9.84
10.53
9.87
10.58
10.09
10.41
10.36
10.51
10.27
10.51
10.01
9.94
10.32
9.69
10.2
10.27
10.19
10.02
10.26
10.33
10.14
9.82
10.11
10.32
9.72
10.03
10.2
9.77
9.89
10.3
9.92
10.24
9.93
10.19
9.65
10.63
10.45
10.27
9.96
9.8
9.82
10.01
9.57
9.51
9.48
9.96
9.96
9.39
10.02
9.78
9.83
10.11
10.11
10.13
10.32
9.74
9.9
10.04
9.83
9.96
10.3
9.82
10.64
9.6
9.79
9.49
9.93
10.71
9.67
10.54
10.37
9.79
10.65
9.79
10.79
9.37
10.08
10.23
9.7
10.52
10.51
10.09
10.06
9.35
9.78
10.1
10.33
10.14
10.03
10.5
9.87
10.19
10.35
10.23
10.26
9.95
10.68
10.2
10.19
10.13
10.27
10.41
10.26
9.96
10.34
10.4
10.07
9.95
9.98
9.91
9.98
9.64
9.45
10.11
10.31
9.79
10.39
9.44
10.21
9.87
9.23
10.29
10.12
9.56
9.83
9.97
10.58
10.35
10.5
9.97
9.8
10.33
9.99
9.45
9.87
9.7
10.18
10.04
10.3
9.45
10.32
10.17
10.18
10.41
10.07
10.52
10.09
10.43
10.0
10.1
10.04
10.4
9.84
10.15
10.23
9.71
10.34
9.67
10.25
9.99
10.12
10.07
9.84
10.13
10.49
10.14
10.02
9.74
9.96
9.91
9.86
9.89
9.85
10.41
10.6
10.11
10.47
10.71
10.12
10.03
10.14
9.99
9.78
10.43
9.73
10.5
9.96
9.46
10.07
10.62
9.94
9.39
9.8
9.53
9.95
9.67
9.97
10.24
9.66
9.52
9.86
10.07
9.76
10.16
9.8
10.31
10.07
10.06
10.25
9.76
10.14
10.06
10.22
10.06
9.95
10.08
9.9
10.02
10.1
10.37
10.28
10.32
10.1
9.86
9.55
10.12
9.85
9.42
10.1
10.4
9.97
10.43
10.48
10.2
10.0
9.71
9.8
9.62
10.27
9.85
10.47
9.97
9.35
9.65
10.53
9.93
10.03
9.91
10.68
9.79
9.89
10.24
9.87
10.35
9.71
9.72
9.75
10.12
10.11
9.59
10.24
9.86
9.24
9.73
9.99
10.41
9.91
10.58
10.18
9.82
10.13
9.58
10.2
10.42
10.3
10.31
9.85
10.13
9.37
10.79
9.25
9.52
10.3
9.47
10.69
10.52
9.6
10.04
9.51
9.72
10.24
10.3
9.98
10.81
10.37
10.43
10.12
10.08
9.93
10.07
9.17
10.43
10.14
9.91
9.87
9.7
9.88
10.23
9.99
9.81
9.8
10.09
10.16
9.76
9.46
9.78
9.7
9.26
10.14
10.18
10.31
10.02
9.78
9.79
10.33
10.14
9.61
10.04
9.79
10.31
10.04
10.3
9.76
10.12
10.24
9.83
9.71
9.46
10.25
9.56
10.43
10.11
9.93
10.27
9.43
10.44
9.93
9.9
10.09
9.87
9.36
9.45
9.73
10.04
9.76
9.67
9.8
10.55
10.29
10.38
9.98
9.86
9.9
9.65
9.64
9.62
9.55
10.3
10.04
9.83
9.8
10.36
9.9
9.82
9.81
10.12
9.81
10.28
9.83
10.2
10.1
10.21
10.52
9.5
9.68
10.09
9.96
9.88
10.0
10.16
10.4
9.68
9.95
9.48
10.65
9.25
9.61
9.06
10.1
9.91
10.2
9.77
9.76
10.34
9.79
10.14
10.14
9.81
10.66
9.69
9.58
10.04
9.7
10.56
9.89
10.3
10.73
10.29
9.89
10.19
10.3
10.0
10.01
9.91
9.99
10.3
9.85
9.56
9.68
10.39
9.48
9.29
9.54
10.02
9.52
10.34
9.98
10.33
9.4
10.05
10.54
9.71
9.64
10.33
9.96
10.28
9.4
9.71
10.47
10.01
10.3
10.15
10.08
10.25
9.78
9.84
10.18
10.28
10.6
10.22
10.04
10.15
9.93
9.65
10.16
9.84
9.95
9.94
10.51
10.22
9.97
10.42
10.21
10.4
9.61
10.48
9.87
10.24
10.68
9.69
9.8
10.2
9.88
10.54
10.03
9.69
9.25
10.31
10.38
10.08
9.46
9.68
9.89
9.92
10.24
10.28
10.71
9.51
10.25
9.91
10.06
9.73
10.57
9.69
10.69
10.09
9.92
10.37
10.06
9.89
10.01
10.17
9.96
10.03
10.06
10.08
9.53
10.24
9.58
10.32
9.71
9.71
10.31
10.26
10.06
10.51
10.22
10.21
9.65
10.42
9.84
10.22
9.93
10.45
9.97
9.55
10.1
9.82
10.91
9.67
9.89
9.93
9.92
10.13
10.41
9.89
9.88
10.23
10.14
10.05
10.41
10.4
10.12
9.4
9.86
10.02
9.92
9.93
10.11
10.34
9.97
9.71
10.61
9.85
10.47
9.55
10.09
10.26
10.22
10.23
10.52
9.95
10.02
10.16
9.69
9.68
9.75
10.43
9.4
9.81
9.61
9.62
10.16
9.51
10.17
9.57
10.01
9.58
9.58
9.87
9.71
10.48
10.17
10.28
10.13
10.41
9.35
9.55
9.46
9.74
9.39
9.97
9.57
9.98
10.24
9.9
9.19
10.13
9.98
10.12
10.12
9.44
10.17
9.65
9.93
9.98
10.17
9.46
10.28
9.78
9.88
10.69
9.84
9.92
10.19
9.5
9.44
10.4
9.94
10.16
9.46
9.74
9.71
10.04
9.89
10.36
9.9
9.57
9.78
10.05
9.49
9.93
10.16
9.87
9.77
10.02
10.47
10.02
10.41
9.76
9.81
10.47
9.73
10.09
9.48
10.49
10.27
9.2
9.82
9.96
10.09
10.37
10.15
10.2
9.76
9.69
9.99
10.1
9.93
9.45
9.8
9.98
10.14
9.9
9.91
9.2
9.73
10.49
10.53
10.33
10.14
10.17
10.1
10.38
10.16
9.67
10.58
10.12
10.18
10.18
9.61
10.42
9.89
9.97
9.81
10.43
10.39
10.38
9.87
9.99
10.42
9.6
9.95
9.37
9.59
10.05
9.96
9.9
10.01
9.96
10.26
9.63
10.42
9.92
10.13
9.98
9.79
9.67
9.68
10.0
10.11
9.58
9.97
9.61
10.0
9.91
9.83
9.95
10.06
10.61
9.68
10.92
10.3
10.16
9.76
9.97
9.47
9.98
10.26
9.32
10.05
9.63
10.69
9.59
9.93
9.58
9.9
9.68
9.9
10.29
9.68
9.75
9.73
9.42
9.96
10.2
10.46
9.92
9.89
10.48
10.49
10.0
10.5
9.98
10.22
10.04
9.46
9.73
10.31
9.79
10.49
10.16
9.91
10.08
10.2
10.1
9.46
9.94
9.89
10.8
10.61
10.04
9.77
9.82
9.99
10.16
9.96
10.11
10.5
10.14
9.89
10.0
9.59
10.09
10.0
9.52
9.74
9.82
9.57
10.14
10.2
10.27
10.16
10.1
9.89
9.67
9.83
10.17
9.75
9.63
10.21
10.04
9.86
10.02
10.05
9.78
10.01
9.49
9.9
9.81
9.6
9.97
9.88
10.36
10.19
10.14
9.54
9.57
9.54
10.04
10.19
10.23
10.61
9.26
9.71
9.73
10.02
9.84
9.75
9.93
10.28
9.68
10.17
10.17
10.59
10.36
9.85
9.88
9.91
9.81
9.81
9.92
10.06
9.72
9.91
10.15
10.19
9.95
9.57
9.99
10.71
9.87
10.18
10.06
9.99
10.09
9.58
10.22
10.26
10.07
9.84
10.28
10.28
9.33
10.25
9.69
10.24
10.49
9.49
10.23
9.74
10.22
10.22
10.13
10.32
10.13
9.63
10.46
9.46
9.69
10.66
9.74
10.22
9.99
10.35
9.47
9.77
10.22
10.05
9.91
10.35
9.84
10.15
10.36
10.01
10.03
9.75
9.84
9.64
10.04
10.43
9.84
9.72
10.47
9.99
9.56
9.72
10.13
10.38
9.97
10.0
10.64
10.53
10.23
9.28
10.23
9.92
10.86
10.65
9.97
10.3
10.1
10.09
10.66
9.82
10.04
9.82
10.01
10.18
9.53
10.31
10.03
10.35
10.37
9.98
10.06
9.62
9.64
10.32
10.02
10.58
9.87
10.05
10.35
9.86
10.05
9.29
9.74
10.47
9.54
9.92
10.1
9.65
10.39
10.46
10.02
9.59
9.88
10.1
10.37
9.66
9.55
9.59
9.82
10.2
9.95
10.04
10.05
10.1
9.9
9.87
9.86
10.21
9.68
9.52
9.96
9.84
9.75
10.48
9.92
9.55
10.65
10.21
10.75
10.01
10.06
10.18
10.7
9.95
10.38
10.16
10.66
9.93
9.77
10.26
9.71
9.92
10.03
10.14
10.21
9.6
10.24
10.18
10.43
10.32
10.22
10.49
10.04
10.11
10.04
9.99
10.13
9.96
10.0
9.76
10.04
9.63
9.4
10.35
9.84
9.59
9.92
10.29
9.54
9.88
9.93
9.55
10.51
9.97
10.28
9.95
10.36
10.09
10.32
9.86
10.19
10.35
9.87
10.14
9.76
10.34
9.93
9.68
10.02
10.39
10.28
10.51
10.01
10.0
10.55
10.11
9.85
10.0
10.01
10.21
10.13
10.16
9.97
10.04
10.7
10.19
9.76
9.63
10.05
10.05
10.18
10.2
9.68
9.5
10.11
9.42
10.0
10.27
10.36
9.87
10.34
10.28
9.78
9.89
9.87
9.98
10.03
9.41
9.93
9.97
9.77
9.99
10.21
9.9
9.75
9.95
9.64
9.4
9.78
9.92
9.6
9.74
10.16
10.01
9.98
9.48
10.02
10.18
10.31
10.38
10.27
10.43
10.33
10.15
9.89
9.83
10.14
10.24
9.17
9.93
10.17
10.38
9.57
10.22
10.05
10.03
10.34
9.8
