10.001
10.133
10.084
9.824
9.839
9.893
9.911
9.925
9.911
10.041
9.846
10.029
9.956
9.855
9.776
9.923
10.039
9.994
9.999
10.074
10.135
10.138
9.935
9.797
10.069
9.868
10.043
9.882
9.967
10.138
9.818
10.123
9.975
9.927
10.017
9.92
10.112
9.734
10.155
10.096
10.075
10.127
9.668
10.081
9.913
9.978
9.986
9.989
10.022
10.065
10.091
10.017
9.963
10.02
9.84
9.858
10.089
9.945
9.936
10.053
9.95
10.086
9.88
10.119
9.966
10.108
9.992
10.026
10.062
9.912
10.149
9.974
9.989
10.069
10.014
10.152
9.922
9.919
10.107
9.962
9.816
10.088
10.039
9.906
9.988
10.092
10.13
9.911
10.146
10.103
9.965
9.989
10.048
10.053
10.055
9.992
10.19
10.038
10.148
9.902
9.971
10.218
9.978
10.085
10.097
10.02
10.007
9.915
9.968
10.073
10.062
10.057
10.139
10.068
9.928
10.169
9.94
10.047
9.979
9.941
10.042
10.046
10.013
9.942
9.929
10.145
10.081
9.845
9.986
9.946
10.051
10.058
9.966
9.923
10.046
10.067
10.032
9.87
10.006
10.221
10.0
10.045
9.962
9.903
9.918
10.224
9.969
10.034
9.907
9.995
9.881
9.909
10.141
10.044
10.041
10.029
9.866
9.85
10.062
9.988
10.066
9.897
10.158
9.88
10.319
9.957
10.047
10.067
10.143
9.973
9.876
9.941
9.987
10.06
10.087
9.981
10.115
10.137
10.07
9.96
10.009
10.044
10.249
9.958
10.087
10.044
10.201
9.932
10.126
9.761
10.03
9.913
10.015
10.059
10.192
9.858
10.114
9.939
10.291
9.958
10.06
10.137
9.995
10.176
9.841
9.981
9.869
10.231
9.961
9.972
9.922
9.821
10.09
10.089
9.974
9.905
9.903
10.039
9.944
9.996
9.941
9.956
10.101
10.052
10.164
9.998
9.757
10.052
10.006
9.87
10.029
9.96
9.878
9.994
9.944
10.039
10.07
10.019
10.001
9.961
10.007
10.046
9.889
9.998
10.057
9.851
9.869
10.089
9.734
9.842
9.945
10.003
10.006
9.995
9.952
9.844
10.019
9.799
9.906
9.972
9.936
9.982
9.973
10.0
10.009
9.872
9.874
9.975
10.066
9.949
9.952
9.954
10.002
10.077
10.197
10.149
10.118
10.089
9.847
9.894
10.029
9.857
9.792
9.974
9.94
9.851
10.081
10.012
9.968
9.943
9.917
10.033
10.043
9.988
10.012
9.919
9.974
10.107
9.991
9.74
9.941
10.013
9.942
9.819
10.021
9.982
9.99
9.906
9.995
9.929
10.008
10.023
10.102
9.829
10.042
9.965
9.889
9.863
10.02
9.847
10.019
9.991
9.997
9.929
10.094
10.034
9.95
10.054
10.056
9.973
9.886
9.908
9.928
9.988
10.207
9.94
9.988
10.089
10.128
9.918
9.831
9.941
10.008
10.127
9.902
10.002
10.075
9.951
9.902
10.144
9.997
10.059
9.962
10.089
9.949
9.862
9.999
9.91
9.945
10.102
10.019
9.855
9.964
9.867
10.041
10.06
10.083
9.775
10.021
10.108
9.927
9.991
10.036
9.927
9.864
9.967
10.011
9.96
10.032
10.093
10.094
9.917
9.972
10.0
10.101
9.982
10.09
9.931
9.919
10.01
9.839
10.084
10.065
9.921
9.927
10.021
10.118
10.067
9.98
9.958
9.97
10.011
9.844
10.014
10.103
9.901
10.13
10.093
10.067
9.893
9.885
10.136
9.962
9.983
10.025
9.817
9.947
10.064
9.897
10.083
9.86
10.084
9.916
9.927
9.962
10.008
10.102
10.133
9.957
9.998
10.17
9.925
9.859
9.896
10.076
10.03
9.986
9.972
10.021
10.001
9.949
10.013
9.894
10.064
10.179
10.099
10.056
10.106
10.107
10.032
10.063
10.081
9.907
9.977
9.921
10.118
9.999
10.054
9.909
9.87
9.968
10.087
9.972
10.155
9.983
9.971
9.954
9.912
9.957
9.882
10.059
10.111
9.953
9.956
10.027
10.125
9.951
9.899
10.042
9.92
10.149
10.194
9.93
9.931
10.101
10.032
9.986
10.175
10.065
9.92
10.073
9.869
9.989
10.117
10.101
9.96
10.026
9.992
10.079
9.967
10.032
9.807
10.094
10.103
9.898
10.045
9.955
9.933
9.961
10.122
10.129
10.065
9.893
9.962
10.029
10.013
10.026
9.876
10.156
9.978
10.06
10.119
10.277
10.033
10.211
10.12
9.941
9.776
9.928
10.126
10.027
9.994
9.96
10.084
9.854
9.947
9.967
9.996
9.938
10.196
9.919
10.013
10.158
9.874
9.832
9.913
10.014
9.86
9.932
10.055
10.12
9.882
9.84
10.129
9.907
10.061
10.066
9.913
9.956
10.004
10.129
10.083
10.003
10.017
9.88
9.868
10.012
10.226
9.975
9.804
9.9
10.082
9.981
10.159
10.067
10.05
10.022
10.006
10.031
9.89
9.901
9.897
10.072
10.082
9.949
9.935
9.906
10.054
9.996
10.15
10.012
10.022
10.016
9.982
10.11
9.995
9.97
9.907
10.127
10.002
10.049
9.94
10.107
9.877
9.891
9.961
10.102
10.112
10.028
9.843
9.932
10.126
10.042
9.881
10.004
10.034
9.887
10.043
10.16
10.009
10.078
9.964
10.108
10.092
9.862
10.216
10.132
10.081
10.002
10.237
10.059
9.997
10.1
10.031
10.021
9.95
9.995
10.156
9.977
9.946
9.922
10.023
9.936
10.033
10.105
10.108
9.876
10.04
10.059
10.01
10.059
10.039
10.008
9.992
10.003
9.936
9.83
10.022
9.854
10.069
10.031
9.936
9.874
10.032
10.079
10.026
10.174
10.117
10.044
10.036
10.147
9.948
9.979
10.085
9.948
10.096
10.129
10.059
10.046
10.063
10.123
10.063
10.106
9.985
10.133
9.925
10.092
9.917
10.061
10.239
9.812
9.961
10.002
9.863
9.904
10.032
9.856
9.971
10.298
9.877
9.885
10.024
9.948
10.044
10.204
10.056
10.161
10.021
10.079
10.187
10.031
9.938
10.044
9.994
10.049
9.984
9.989
10.012
9.982
9.94
10.06
10.184
10.051
10.074
9.889
10.112
9.979
9.956
9.964
9.952
9.904
9.929
10.171
10.092
10.104
9.971
9.985
10.011
9.987
10.03
9.953
10.014
9.992
9.946
10.1
10.142
10.055
10.197
10.004
9.743
10.214
9.939
9.895
9.81
10.079
9.933
10.038
9.892
10.128
10.066
10.095
9.834
10.028
10.085
10.055
9.915
9.991
9.987
10.103
10.053
9.916
10.05
10.102
10.035
9.966
10.072
9.847
9.87
10.104
10.044
10.035
10.153
9.834
10.02
10.051
10.057
10.139
9.973
9.915
9.898
9.826
9.824
9.925
10.015
10.097
10.131
10.116
10.072
10.253
9.853
9.959
9.938
10.016
10.085
10.042
9.941
10.036
9.992
9.984
10.018
9.732
10.035
10.187
10.21
9.881
10.056
9.984
9.875
10.102
10.066
9.934
9.979
9.921
10.071
9.99
9.975
10.148
9.902
10.004
9.892
10.071
9.968
9.932
10.191
9.903
10.185
10.079
10.077
10.064
10.058
9.951
9.912
9.93
10.113
10.072
9.925
9.871
10.078
9.713
10.044
9.932
9.824
10.084
9.877
9.992
10.004
10.178
9.958
10.027
10.029
9.873
10.11
10.013
10.052
10.177
10.094
10.112
10.069
9.965
10.009
9.903
10.121
10.062
10.008
9.85
9.996
10.012
10.025
9.945
9.906
10.018
10.02
9.895
9.99
9.81
10.122
10.111
10.3
10.103
10.032
10.035
9.815
10.068
10.054
10.114
10.064
10.258
9.968
9.976
10.088
9.966
10.19
10.037
9.999
10.236
9.99
9.823
10.083
10.118
10.018
9.924
10.052
9.869
10.053
10.024
10.007
10.155
9.944
9.839
10.011
9.964
9.847
10.023
9.869
10.07
9.93
9.779
9.989
10.216
9.799
9.953
10.069
10.127
10.087
10.085
9.931
10.118
10.085
9.957
10.132
10.021
10.166
9.987
10.116
9.831
9.865
9.785
9.927
9.966
9.846
9.917
10.033
9.992
9.904
10.05
10.119
10.081
9.915
9.883
10.087
9.929
9.803
10.132
10.009
10.089
10.016
9.951
9.915
9.851
10.041
9.837
10.036
10.024
10.067
9.99
10.044
10.01
9.966
10.139
10.163
10.075
10.051
9.897
9.961
10.0
9.956
10.278
10.006
10.173
9.882
10.006
10.044
10.172
10.08
9.946
9.981
9.851
9.887
10.197
9.966
9.91
10.058
10.004
9.988
10.037
10.002
9.933
10.046
10.086
9.999
10.103
9.97
10.054
9.932
10.067
10.212
10.016
9.959
9.974
9.99
10.063
10.202
9.856
9.939
10.002
10.035
9.979
10.121
9.96
9.988
10.113
10.052
10.09
10.152
10.002
10.0
9.947
9.914
9.929
9.982
9.945
9.936
9.928
10.049
9.904
10.136
9.974
9.802
10.164
10.074
10.11
9.936
10.111
10.061
9.976
10.133
10.032
10.115
10.014
10.081
10.047
10.019
9.835
9.961
9.999
9.857
10.182
9.788
9.955
9.98
10.058
9.993
9.903
10.097
9.989
10.027
10.035
10.06
10.0
10.116
10.16
9.895
10.026
9.831
10.293
9.998
9.937
9.909
10.04
9.934
9.978
10.067
10.04
10.124
9.965
9.84
10.004
10.011
9.96
10.026
10.081
9.954
9.886
10.091
9.997
10.004
9.911
10.058
10.048
10.035
9.903
10.005
10.006
9.921
9.868
10.154
9.974
9.947
9.782
10.101
10.064
9.708
9.966
9.934
10.063
9.892
9.942
9.928
10.037
9.849
10.084
10.028
9.96
10.077
10.018
10.07
9.911
9.822
10.028
10.136
9.889
10.081
10.081
9.992
9.902
9.91
10.099
10.13
10.11
10.029
10.004
10.009
9.832
10.205
10.048
9.95
9.928
9.847
9.886
9.974
9.876
10.186
9.968
9.954
9.802
10.047
9.875
9.921
9.942
10.021
9.906
10.094
10.011
9.936
9.857
9.888
10.092
9.918
9.919
9.989
9.994
9.933
9.929
10.249
9.934
9.985
9.927
10.042
9.948
10.107
10.005
9.906
9.959
9.828
10.011
9.943
9.958
9.988
9.809
9.928
9.949
9.906
10.199
9.894
10.117
9.79
9.876
9.829
9.917
10.005
10.062
10.116
10.041
10.016
10.025
10.122
10.095
10.004
9.974
10.177
9.938
9.871
10.023
10.205
10.014
9.997
10.135
9.931
9.969
9.996
9.989
9.849
9.963
9.974
9.933
9.986
10.088
10.065
10.056
9.971
10.121
10.06
10.06
10.102
9.995
10.074
9.861
10.18
10.053
10.043
9.932
9.923
9.927
10.054
9.969
9.916
10.113
10.025
10.07
10.105
10.171
10.201
10.205
9.88
10.019
10.119
9.793
10.108
10.118
9.942
9.754
10.119
9.94
10.017
10.012
10.041
9.939
10.12
10.021
10.094
10.044
9.872
9.973
10.008
9.876
10.003
9.955
9.917
9.933
10.053
9.844
10.038
10.01
10.124
10.038
9.866
9.934
9.914
9.973
10.128
9.973
10.067
10.131
9.945
10.009
10.005
9.955
10.128
10.022
9.882
9.908
9.818
9.869
9.898
9.885
10.038
9.953
10.014
9.988
9.81
9.844
10.026
9.994
9.866
9.939
9.936
10.021
9.919
10.2
10.087
10.126
9.982
9.923
10.018
9.933
10.037
10.117
10.026
10.146
9.99
9.863
10.046
10.03
9.896
10.108
9.891
9.996
10.065
10.022
10.026
9.887
9.926
10.001
10.143
10.078
9.928
10.025
10.108
9.965
9.996
9.758
10.099
9.953
10.006
10.016
10.184
10.005
9.977
9.824
10.084
10.054
10.015
9.901
9.867
10.024
9.92
10.014
9.82
10.099
10.081
10.084
9.898
9.94
10.087
9.937
10.008
10.049
10.249
9.985
9.963
10.027
9.752
10.074
9.929
10.067
10.136
10.085
10.03
10.098
9.988
10.027
9.857
10.034
10.114
10.073
9.775
10.08
10.227
9.898
10.073
10.002
10.039
9.853
10.081
10.071
9.888
9.947
9.873
9.917
10.08
10.17
9.779
10.142
10.004
9.81
9.956
10.169
10.123
10.12
10.043
9.774
9.856
10.096
9.972
9.974
10.192
9.938
9.984
10.071
9.997
10.005
9.976
9.915
10.056
9.901
9.953
10.138
9.885
9.995
9.975
10.105
9.993
9.825
10.057
10.023
9.942
10.001
10.061
9.848
10.097
10.037
9.967
10.002
9.986
10.108
9.962
9.855
10.102
9.748
9.956
10.058
10.095
9.985
9.869
10.284
9.995
9.89
9.992
10.047
10.044
10.19
10.105
9.914
10.249
10.066
9.941
10.056
9.929
9.946
9.973
9.959
9.899
9.947
10.193
10.015
9.968
9.947
9.929
10.076
10.004
10.075
9.909
10.048
10.061
10.126
10.068
9.882
10.01
10.192
10.028
9.966
10.144
9.965
9.933
9.967
9.927
9.947
10.133
9.928
9.965
9.941
9.89
10.15
10.03
9.964
9.985
10.128
10.026
10.12
9.771
9.965
10.088
9.869
10.096
9.931
10.093
10.065
10.05
9.972
10.178
10.005
10.033
10.024
9.85
10.014
10.094
9.92
10.115
10.068
10.069
9.878
9.935
9.905
10.103
10.108
10.039
10.113
9.982
9.92
9.76
10.18
9.914
9.862
10.279
10.043
9.821
9.896
9.868
9.994
9.91
9.824
10.144
9.945
9.98
10.213
9.971
9.936
10.101
9.941
9.981
9.997
9.996
9.905
9.823
10.049
9.888
10.037
9.858
9.85
9.83
10.083
10.163
9.912
10.197
10.04
9.862
10.025
10.074
10.027
9.712
10.169
9.977
10.125
10.018
10.116
9.98
9.838
9.794
9.9
10.047
10.108
10.014
10.147
10.118
10.09
9.916
10.218
9.866
10.089
10.026
9.988
10.008
10.032
10.094
9.947
10.136
9.86
10.095
9.924
10.046
9.868
9.934
9.942
9.996
9.896
9.821
10.049
9.963
9.854
10.099
10.01
9.891
9.981
10.008
10.033
10.005
9.89
9.836
9.932
9.888
10.072
9.868
9.938
10.091
9.989
9.974
10.024
9.985
9.999
9.98
10.092
10.042
9.918
9.846
10.084
9.982
9.784
10.102
10.167
10.05
10.01
9.905
9.84
9.951
10.11
9.972
9.996
10.035
9.892
9.881
9.936
10.148
9.908
10.027
10.036
9.862
9.822
10.165
10.118
9.896
10.163
9.907
9.89
10.135
10.154
9.891
10.134
10.112
10.293
10.096
10.013
10.006
9.817
10.08
10.051
9.725
9.875
9.951
10.185
10.044
9.981
10.043
10.024
10.015
10.003
9.987
9.89
9.934
9.807
10.067
9.872
9.966
9.997
9.951
9.973
10.038
9.993
9.86
10.021
10.089
9.807
9.924
10.108
10.073
10.023
9.932
10.205
10.153
9.958
9.956
9.994
10.085
9.777
9.936
10.01
9.933
10.058
9.872
9.976
9.944
9.881
9.958
10.048
10.078
10.039
10.143
10.131
9.912
10.051
9.887
9.996
10.125
9.971
9.941
9.937
9.918
10.07
10.086
10.015
10.015
10.213
10.024
9.889
10.107
9.977
9.972
10.212
10.123
9.965
10.132
9.942
10.162
10.032
10.139
10.042
9.969
9.891
9.999
10.021
9.84
10.039
10.19
9.928
10.059
9.942
9.989
9.977
10.001
9.959
10.039
9.824
10.11
9.901
10.148
9.913
10.014
9.956
10.019
10.066
10.121
9.964
10.105
9.968
10.158
9.954
9.918
10.041
9.948
10.014
10.104
9.955
10.072
10.024
10.004
9.957
10.041
9.956
9.944
10.087
10.055
9.905
10.022
10.143
9.995
9.954
10.001
10.062
10.066
9.918
9.972
10.112
9.854
9.828
9.978
9.985
9.861
10.142
10.12
10.022
9.947
10.119
10.016
10.055
10.068
9.971
10.01
10.018
9.968
10.035
10.065
10.283
9.975
10.035
9.954
9.863
10.178
10.019
10.058
10.0
10.038
9.808
9.893
9.898
9.925
9.962
9.966
10.028
9.984
10.047
10.148
9.795
9.947
10.166
10.096
9.944
10.051
10.136
9.915
9.935
10.035
9.981
10.034
9.972
10.02
9.929
9.968
9.952
10.009
10.004
9.962
9.967
9.992
10.01
9.971
10.069
9.872
10.029
9.916
9.879
10.106
10.15
10.024
10.094
10.072
9.738
9.885
10.071
10.031
9.904
9.963
10.044
9.903
9.939
9.936
9.907
9.998
9.824
10.208
9.887
10.053
10.136
9.664
9.952
10.049
10.039
9.921
10.038
10.036
10.152
10.087
10.048
9.934
9.956
9.914
9.912
9.832
10.171
9.936
9.954
10.075
10.063
10.137
10.07
9.956
10.061
10.005
10.095
10.091
10.023
9.858
10.031
10.109
9.884
10.06
10.023
9.984
10.113
10.052
10.0
10.035
10.098
9.922
10.049
9.962
9.995
9.86
10.116
10.043
9.944
9.941
9.872
10.069
10.125
9.998
9.914
9.908
9.988
10.04
10.084
9.999
10.143
9.9
10.133
9.953
10.057
10.016
10.024
9.942
10.071
10.104
10.04
9.883
9.952
9.941
9.958
10.107
9.964
10.033
9.955
9.968
9.966
9.92
10.009
9.864
9.917
10.01
9.921
10.097
9.769
9.98
10.037
10.105
9.98
10.064
9.962
9.922
10.008
10.033
10.055
9.968
9.994
10.034
9.943
9.99
9.773
10.272
10.115
9.852
10.031
10.048
10.047
9.955
10.032
10.004
10.032
9.964
10.069
9.998
10.104
10.006
10.119
10.099
9.949
9.996
9.9
9.903
10.011
9.764
9.906
9.993
10.083
9.895
9.971
9.98
9.943
9.995
9.913
9.88
10.017
10.109
9.943
9.959
10.008
10.014
9.966
9.945
9.91
9.986
9.939
10.009
10.039
9.981
9.911
10.105
10.059
9.942
9.95
9.991
9.902
9.839
10.078
9.992
10.02
10.044
10.039
9.878
10.061
9.945
9.988
10.077
9.923
10.059
10.005
9.955
9.832
9.889
10.043
10.031
9.805
10.002
9.799
10.076
10.106
9.926
10.113
10.048
9.892
10.065
9.932
10.062
10.02
9.811
9.928
10.067
10.125
9.911
9.998
9.866
10.029
9.913
10.087
10.091
10.197
9.936
9.95
10.203
10.201
9.959
9.853
9.977
9.994
9.945
10.143
9.975
10.035
10.0
9.976
9.999
9.903
10.119
9.828
10.06
9.94
10.026
9.919
9.831
9.916
10.136
9.911
9.989
10.137
9.857
9.995
10.023
10.028
9.989
9.912
9.989
10.21
9.909
10.008
9.985
10.094
9.935
9.979
9.924
9.899
10.057
10.019
9.873
10.062
10.032
9.904
10.073
9.864
10.053
9.922
9.979
10.148
9.953
10.133
9.885
10.1
9.869
9.931
10.055
9.983
9.759
9.997
9.876
10.209
9.99
9.859
10.037
10.036
9.971
10.01
9.924
9.955
9.865
10.038
10.053
10.156
10.106
9.962
9.996
10.068
10.238
9.937
9.891
10.012
9.959
9.834
10.021
10.123
9.933
10.044
9.834
10.001
9.952
9.88
9.944
9.929
9.979
10.036
9.896
10.13
9.948
9.833
9.911
10.023
9.847
9.862
10.024
9.887
9.773
10.005
10.082
10.021
10.155
9.986
10.139
10.026
9.897
9.974
10.09
9.886
9.989
10.066
10.226
10.159
9.934
9.958
10.002
10.122
9.873
9.943
10.071
9.836
10.061
9.901
9.802
9.978
9.924
9.848
9.967
9.978
10.14
9.955
9.987
9.858
10.036
9.985
9.968
9.909
9.995
9.819
9.857
10.111
9.916
10.032
9.95
10.02
9.981
10.055
9.867
9.95
10.008
9.959
10.058
9.935
10.015
9.858
10.048
9.944
9.978
10.163
10.025
9.8
9.791
10.091
9.946
10.049
10.088
10.129
10.021
10.125
10.016
10.124
10.052
10.07
9.953
9.915
10.022
10.061
9.936
10.085
10.093
10.021
9.838
9.828
10.01
10.049
10.01
10.236
10.006
10.006
9.935
9.87
9.956
9.848
9.803
10.051
10.026
10.01
10.038
10.004
10.01
10.106
9.932
9.989
10.177
10.083
9.879
10.02
9.995
10.08
10.163
10.217
10.109
10.07
9.947
9.83
9.967
9.994
10.192
9.928
10.081
10.018
10.122
9.936
9.949
10.088
10.088
9.911
9.966
10.13
9.853
9.936
9.983
10.042
9.734
10.086
10.007
9.958
9.753
10.125
10.048
9.974
9.979
10.096
10.068
9.834
9.835
10.042
9.916
10.031
9.951
10.095
9.923
10.047
10.155
10.13
9.902
9.73
10.042
10.171
9.807
10.004
9.94
9.954
9.945
10.012
10.154
9.926
10.092
10.018
10.015
9.968
10.021
9.963
10.013
10.082
9.879
9.83
10.132
10.014
9.87
10.047
10.042
9.846
10.068
10.081
10.132
10.043
9.978
10.071
10.091
10.054
10.037
9.961
10.046
9.926
10.264
9.862
10.054
10.073
9.773
10.097
10.005
9.761
9.988
9.914
10.158
9.914
10.16
9.921
9.999
9.888
10.061
10.086
9.963
9.93
10.095
9.893
10.069
10.003
10.099
10.067
10.12
9.916
10.135
10.163
10.029
9.907
10.025
9.931
9.94
9.967
10.064
10.202
10.021
10.161
10.032
10.086
9.996
9.982
10.002
10.125
10.032
10.008
10.134
10.044
9.951
9.889
10.134
9.854
9.816
10.054
10.05
9.93
9.879
10.106
9.916
10.046
10.126
9.817
9.889
9.951
9.936
10.103
10.153
10.065
9.968
9.692
10.042
9.811
9.961
9.942
10.068
10.158
9.888
9.985
10.035
10.042
10.031
10.0
10.038
10.045
10.085
10.027
9.98
10.143
9.919
10.019
10.149
9.944
10.099
9.992
10.008
10.036
10.055
9.999
9.828
10.101
9.931
10.079
9.874
10.008
10.209
10.002
10.017
10.044
10.028
10.052
9.881
9.937
9.946
10.065
10.013
9.899
9.937
9.974
10.107
9.962
9.87
10.165
10.117
9.993
9.986
10.007
9.837
9.899
10.103
9.988
9.97
10.028
9.678
9.986
10.095
9.935
10.111
10.029
10.084
10.138
9.929
10.118
10.107
9.956
10.117
9.99
9.985
9.903
10.042
9.982
10.067
9.915
9.945
9.945
10.08
10.028
9.823
9.999
10.12
9.802
9.936
10.04
10.198
9.935
9.977
9.98
10.013
9.981
10.032
10.005
10.129
9.855
10.032
9.87
10.05
9.886
10.074
9.869
10.204
9.761
9.977
10.077
9.673
10.063
10.015
9.846
9.948
9.95
10.048
10.026
10.011
10.189
9.91
9.992
10.028
10.081
10.061
10.002
10.11
10.101
9.993
9.975
10.163
10.171
10.047
10.14
9.915
9.966
10.11
10.048
9.945
9.956
9.978
10.088
9.825
9.948
9.955
10.004
10.037
10.098
9.968
10.075
9.975
10.034
10.121
9.993
10.158
9.947
10.161
9.873
9.975
10.094
9.99
10.034
9.89
10.064
9.833
10.037
9.865
10.036
10.025
10.041
10.052
10.05
10.074
9.859
10.01
10.19
10.17
10.001
9.923
10.035
9.888
9.829
10.077
10.195
10.03
9.919
9.863
10.18
9.889
9.988
10.196
10.006
9.96
9.992
10.019
10.007
9.913
10.022
10.037
10.046
10.069
10.025
9.936
10.025
10.022
9.982
9.944
10.087
10.042
10.182
9.915
9.911
10.015
9.853
9.931
9.906
9.933
10.013
9.931
10.022
10.033
10.045
10.052
10.143
10.199
9.962
10.104
10.017
9.888
10.058
9.994
9.898
10.013
9.991
10.13
10.028
9.977
10.087
9.944
9.995
10.186
10.06
9.9
10.033
9.948
9.866
9.979
9.893
9.87
9.988
10.062
10.086
10.038
10.011
10.009
9.891
9.885
9.881
9.875
10.167
10.046
10.108
10.005
9.998
9.946
10.103
9.903
10.037
10.024
9.885
9.922
9.932
10.032
9.967
9.952
10.033
9.837
10.055
9.869
10.056
9.979
10.177
9.8
10.005
9.974
9.939
10.015
10.191
9.967
10.027
10.12
9.874
10.016
10.141
9.952
10.051
10.018
10.217
10.05
9.931
10.013
10.111
10.048
9.886
9.989
9.984
9.938
10.069
9.836
9.986
9.971
10.019
9.845
9.971
9.932
10.219
10.072
9.946
9.982
9.99
10.026
9.901
10.009
10.058
9.974
9.802
10.017
10.189
10.074
9.975
9.918
9.913
9.929
9.81
10.068
9.818
10.141
9.782
9.974
9.945
9.994
10.108
10.029
9.933
10.176
10.175
10.027
9.88
10.103
10.079
10.016
9.958
10.166
9.978
9.918
9.965
10.038
9.938
10.123
10.02
10.083
10.015
10.026
9.94
10.158
9.895
10.054
9.69
10.045
10.149
10.084
10.017
10.068
9.921
10.064
9.886
10.081
9.863
10.091
9.959
10.269
10.03
10.024
10.116
9.897
10.037
9.874
10.088
10.073
9.968
10.073
9.922
10.14
9.932
9.949
9.954
10.031
10.015
10.151
10.005
9.898
9.824
9.724
9.878
10.033
10.001
9.882
10.148
10.0
10.077
9.742
9.929
9.844
9.918
9.951
10.006
10.056
9.792
10.073
10.102
10.058
10.068
10.307
9.83
10.022
10.035
10.043
10.104
9.939
9.932
10.036
9.949
10.096
10.002
10.11
10.054
10.044
9.994
10.121
9.901
9.995
9.943
10.034
10.173
10.098
10.082
9.867
9.914
10.036
10.096
9.963
10.107
9.922
9.914
9.962
9.991
9.957
9.918
9.847
10.144
9.991
9.92
9.682
9.864
10.08
9.927
10.092
9.8
10.091
9.918
9.861
10.059
10.082
10.24
9.964
9.693
9.968
10.007
10.083
10.027
9.991
9.947
9.893
10.106
10.231
10.046
9.93
9.903
10.033
9.867
9.903
9.933
9.796
10.105
9.909
9.942
10.107
9.942
9.997
9.746
9.978
10.004
9.926
10.053
9.992
10.036
9.986
9.888
9.982
9.998
10.163
9.97
10.316
9.916
10.067
9.78
10.079
10.049
9.949
9.929
9.944
9.978
9.891
10.054
10.043
9.999
10.153
10.077
9.946
10.002
9.942
10.015
9.988
9.871
9.85
10.013
9.886
10.179
9.945
9.933
9.956
10.106
10.21
10.093
10.06
9.993
10.046
9.871
10.159
9.933
9.901
10.139
9.881
10.109
10.097
10.009
10.061
10.07
10.177
10.08
9.991
9.99
10.102
10.059
9.917
9.834
9.936
10.043
10.106
10.071
9.967
10.118
9.939
9.892
9.806
9.852
10.182
10.279
10.003
9.98
9.951
10.029
9.932
10.057
10.235
10.07
9.936
9.789
9.96
9.876
10.033
9.862
10.107
9.947
10.014
9.994
9.935
10.005
9.792
10.007
9.99
10.1
9.938
9.932
9.984
9.959
9.997
10.107
9.974
9.9
10.119
9.909
10.054
9.946
10.029
9.953
9.837
9.824
10.069
10.126
9.943
9.873
9.892
9.896
9.766
9.856
9.944
9.842
9.977
10.135
10.106
10.035
10.099
10.045
9.841
9.998
9.857
9.797
10.001
10.078
10.024
10.002
10.025
10.068
9.899
10.124
9.988
10.041
9.91
10.069
10.157
10.037
9.902
10.163
9.798
10.039
10.243
10.058
10.006
10.032
9.833
9.918
9.824
10.01
9.849
10.006
10.167
10.018
10.135
10.028
9.878
10.104
10.052
10.099
9.93
9.91
10.101
9.915
10.113
10.02
9.8
10.103
10.019
10.096
9.918
10.094
9.986
10.014
9.978
10.022
9.938
10.014
10.013
9.887
9.942
9.997
9.976
9.779
10.038
9.913
9.905
10.079
9.994
10.021
10.054
9.897
9.913
10.043
10.057
10.042
9.989
9.875
9.765
10.03
10.079
9.997
9.997
9.966
10.099
10.052
9.983
10.129
9.86
10.031
9.876
9.989
9.897
9.869
9.949
10.037
10.019
9.981
9.964
9.998
9.924
9.857
10.15
10.154
10.04
10.135
9.976
10.044
10.017
9.908
9.81
9.882
10.189
10.151
9.952
10.084
9.984
10.114
9.769
9.928
9.783
10.059
9.93
9.956
10.098
10.162
9.894
10.1
9.983
9.999
9.951
10.026
9.992
9.857
9.982
9.835
9.954
9.966
9.956
10.001
9.856
10.026
9.881
9.886
9.854
9.983
9.883
9.966
10.002
10.035
9.865
10.177
9.978
9.918
9.96
9.835
9.911
9.948
9.875
9.981
10.109
9.903
10.106
10.067
10.021
10.067
10.084
9.923
9.944
9.938
10.118
10.07
9.951
9.931
10.064
10.004
10.05
10.117
10.067
9.902
9.983
10.1
9.97
9.964
10.118
9.911
10.076
10.164
10.185
9.85
9.979
10.115
9.999
10.251
10.013
10.166
10.008
10.074
10.034
9.977
10.034
10.005
10.025
9.968
10.045
10.036
9.952
9.882
9.909
9.902
10.038
10.144
10.004
10.067
10.094
9.956
10.023
10.061
9.963
9.85
9.932
9.911
9.964
9.999
9.868
10.08
10.101
9.997
10.064
10.101
10.193
10.052
10.026
9.866
10.033
10.097
10.028
10.044
9.958
10.044
10.048
9.956
10.044
10.199
10.288
10.003
9.775
10.06
10.037
9.974
10.014
9.909
10.032
10.12
10.051
9.951
10.177
9.985
10.052
9.882
9.944
9.898
9.981
9.984
10.099
10.178
10.123
9.916
10.027
9.984
9.976
9.983
9.909
9.846
9.903
9.986
10.1
10.116
10.01
10.025
9.932
10.018
10.1
9.991
10.102
9.945
9.987
10.084
10.202
10.069
10.049
10.074
9.888
9.976
10.114
10.134
10.079
9.913
9.922
9.996
9.966
10.106
10.042
10.013
10.065
10.119
9.937
10.05
9.854
10.018
9.829
10.114
10.01
9.917
9.876
10.045
9.958
9.983
10.021
10.007
10.182
10.061
10.135
9.969
10.028
10.013
10.044
9.996
9.809
9.941
10.037
9.971
9.967
10.02
9.891
10.006
9.959
9.759
10.053
9.893
9.928
10.05
10.088
10.152
9.98
9.976
9.904
10.046
9.911
10.012
10.027
10.175
9.949
9.893
10.067
10.03
10.141
9.895
9.75
10.029
9.913
10.018
10.059
10.104
10.248
9.907
10.113
9.94
10.015
9.813
9.898
10.132
10.109
10.114
10.021
10.034
9.875
10.045
10.003
10.005
10.067
9.985
10.047
10.092
10.068
9.841
10.071
10.019
9.839
10.128
10.114
9.946
10.023
10.009
9.838
10.055
9.957
10.108
9.849
10.109
9.96
10.04
10.157
10.104
9.863
9.955
9.898
10.022
9.871
10.045
10.08
9.99
9.993
9.927
9.994
9.985
10.037
9.918
10.031
10.011
9.967
10.087
10.06
9.986
9.858
10.117
9.892
10.256
10.001
9.958
9.989
9.934
9.897
10.127
9.999
10.199
9.969
9.962
9.924
9.96
10.024
10.033
10.065
9.961
10.169
9.864
9.851
10.073
9.928
9.918
9.899
9.83
10.055
10.035
10.001
9.95
9.863
10.041
10.012
9.988
9.992
9.868
9.888
10.138
9.857
10.067
10.009
9.962
9.898
10.078
10.079
10.032
9.97
10.021
10.033
10.067
10.016
10.003
10.171
9.998
10.106
10.001
9.943
10.017
10.207
9.912
9.984
10.014
9.989
9.897
10.062
9.795
10.111
9.884
9.952
10.212
10.03
9.889
9.945
9.897
10.05
10.053
10.106
10.028
10.192
9.911
10.131
9.949
9.892
10.069
9.972
9.994
10.112
10.079
9.919
9.943
10.087
10.086
10.049
9.994
9.946
10.041
10.132
10.036
10.066
10.183
10.048
10.027
10.103
9.986
10.102
10.046
9.929
10.088
10.116
9.955
9.996
9.876
9.957
10.035
10.041
10.052
9.987
9.837
10.168
10.123
10.036
9.865
10.08
9.895
9.999
9.974
9.916
10.06
9.987
9.952
9.994
10.17
9.957
10.125
10.006
10.102
9.963
9.983
10.131
9.867
10.153
9.875
10.062
9.913
9.949
10.134
9.834
9.991
9.912
9.819
10.089
10.058
9.968
10.107
10.061
9.902
9.965
10.036
9.986
9.893
9.899
9.909
10.09
10.119
10.222
9.979
9.859
9.844
10.114
10.048
10.103
10.119
10.08
10.183
10.015
9.962
10.112
10.068
10.073
9.92
10.044
9.993
9.881
9.948
9.989
9.937
9.875
10.104
10.083
10.003
9.946
10.034
10.003
10.103
10.061
10.021
10.261
10.123
10.128
10.058
9.91
9.902
10.046
10.067
9.879
9.932
9.918
10.132
9.943
10.018
9.967
10.015
10.126
10.148
9.891
10.03
10.045
10.202
10.057
9.981
10.272
10.084
9.966
10.14
10.088
9.969
10.055
9.839
9.973
10.156
9.787
10.102
10.038
9.976
10.034
9.903
9.963
10.099
9.894
10.105
10.121
10.003
9.979
9.811
10.159
9.848
9.937
9.958
9.92
9.991
9.915
9.92
9.974
9.963
9.96
9.959
10.106
9.985
9.968
9.856
10.003
10.012
9.999
9.987
9.845
9.929
9.97
10.235
9.825
9.984
9.952
9.959
9.931
10.042
10.071
10.227
9.976
9.946
9.914
10.157
10.01
9.961
10.019
9.955
10.005
9.807
10.01
10.015
9.938
9.898
10.121
9.95
9.744
10.079
10.145
9.93
9.891
9.989
10.309
9.881
9.98
9.847
10.017
9.792
10.008
10.048
9.756
9.996
10.114
9.926
9.896
9.983
10.119
9.968
9.898
10.063
9.917
9.918
9.963
10.092
10.187
9.963
10.093
10.138
9.952
10.004
10.105
9.947
9.99
9.941
10.208
9.849
10.228
9.95
10.006
10.015
9.967
9.881
10.021
9.989
10.04
10.119
10.093
9.976
10.1
10.026
9.958
9.771
10.217
9.863
10.065
9.872
9.948
10.018
10.002
9.991
9.92
9.993
10.046
9.947
10.174
9.958
9.888
10.083
10.05
10.115
9.928
10.054
10.15
9.827
9.904
9.938
10.177
9.949
10.023
9.845
10.021
9.818
10.057
9.988
9.981
9.953
9.973
10.224
9.904
9.943
9.992
9.887
10.189
9.873
9.936
9.825
9.899
9.926
10.112
10.033
10.091
9.915
10.017
10.185
10.147
9.862
10.007
10.027
9.963
10.044
9.866
9.825
10.116
9.98
10.102
9.894
9.927
10.14
9.935
10.035
9.939
9.865
10.165
9.905
10.028
9.9
10.055
10.029
9.975
9.894
10.102
10.065
10.068
10.096
10.051
9.928
9.878
9.899
9.866
10.017
9.967
10.014
10.199
9.96
10.063
10.046
10.137
10.007
10.112
9.993
10.12
10.058
10.03
9.742
10.07
9.988
9.982
9.989
9.927
10.088
10.108
9.842
9.903
9.802
9.935
9.991
10.121
10.054
10.049
9.932
9.886
10.012
9.995
10.148
9.952
9.957
9.847
10.038
10.121
10.069
9.966
10.086
9.963
9.926
9.859
10.096
9.837
9.784
9.858
10.107
10.155
10.238
10.028
10.126
10.065
10.071
9.983
9.911
9.795
9.946
9.973
9.869
9.768
9.973
10.005
10.029
10.059
9.881
9.854
9.814
10.074
9.857
10.16
9.977
9.909
10.142
9.917
10.158
10.039
10.012
10.27
9.981
10.145
10.016
10.17
9.846
10.211
10.111
10.14
10.287
10.049
9.965
10.024
9.881
10.147
9.833
9.959
10.007
9.969
10.091
9.952
9.99
10.034
9.952
10.058
10.012
10.109
9.916
10.048
9.917
9.87
10.063
10.234
10.114
9.906
9.928
9.834
9.943
10.059
9.987
10.206
10.116
10.079
9.903
9.971
9.998
10.091
10.066
10.213
10.1
10.178
10.121
9.868
9.989
10.018
10.163
9.756
9.885
10.134
9.834
9.954
9.912
10.079
9.985
10.071
9.938
9.992
9.93
10.038
10.109
9.85
10.114
9.922
10.027
10.099
9.961
9.967
9.965
9.894
10.056
9.996
9.923
9.894
9.918
10.053
9.98
10.042
9.937
10.138
9.843
10.054
9.976
9.86
9.89
9.979
9.996
9.972
9.998
9.901
10.021
10.032
9.931
10.009
9.878
9.989
10.168
9.807
10.001
9.916
10.06
9.989
10.043
9.961
10.069
9.941
10.194
10.031
10.185
9.936
9.953
9.917
9.913
9.96
9.983
9.954
9.902
10.005
10.082
9.878
10.09
9.939
9.911
9.997
9.93
9.95
10.048
9.993
9.876
9.863
10.045
10.075
9.822
9.963
10.052
10.182
10.072
10.008
9.994
10.066
9.945
9.985
9.871
10.07
9.94
9.947
10.007
9.987
9.946
9.884
10.159
10.185
9.984
9.98
10.067
10.104
9.822
9.834
9.994
9.996
10.006
10.052
9.827
9.951
9.781
10.055
10.016
10.065
9.848
9.966
10.086
10.027
10.0
10.072
10.101
9.899
10.044
9.924
9.91
9.898
9.979
10.186
9.872
10.077
10.077
9.978
9.924
9.945
9.911
10.024
9.956
9.914
9.963
9.962
10.098
10.034
9.933
9.917
10.06
10.073
10.088
9.828
10.085
10.055
10.052
9.826
10.021
9.938
10.14
10.087
9.889
10.059
9.982
10.016
9.886
9.9
9.96
9.947
9.981
9.939
10.028
9.953
9.93
10.038
9.883
9.964
9.96
9.903
9.838
9.949
9.939
9.996
9.959
10.072
9.866
10.018
9.989
9.981
10.132
9.961
10.16
9.793
9.872
10.076
10.038
10.01
10.011
10.066
9.961
10.0
9.952
9.929
10.206
9.875
10.032
10.112
9.839
10.203
10.129
10.002
10.033
10.116
10.007
10.018
9.874
10.141
10.132
9.984
9.866
9.923
10.078
10.087
9.966
10.01
10.008
9.834
10.105
10.059
9.951
10.157
10.037
9.89
10.201
10.048
9.917
9.995
9.83
9.865
9.997
9.949
9.965
10.043
9.904
10.094
9.896
9.97
9.994
10.023
10.01
9.95
10.124
9.965
10.045
10.005
10.107
9.822
9.894
9.951
9.769
10.113
9.878
10.196
9.87
9.994
9.957
10.131
10.01
10.101
9.989
10.235
10.033
9.982
10.079
10.052
9.994
9.871
9.917
10.044
10.053
9.851
10.142
9.972
9.928
9.964
9.975
10.131
9.953
9.801
10.153
10.184
9.859
10.123
10.008
9.967
9.938
10.114
9.989
9.936
10.011
10.172
10.015
10.107
10.242
9.991
10.002
10.008
9.898
9.816
9.95
10.043
9.928
9.926
9.905
9.952
9.952
9.984
9.906
9.972
10.13
10.054
10.084
9.946
9.924
10.01
9.947
9.951
9.962
10.028
9.8
10.043
9.917
10.185
9.829
9.917
10.06
10.105
9.832
9.934
10.129
10.049
9.856
9.981
9.924
9.993
9.966
9.905
10.133
9.836
9.853
9.809
10.057
9.983
10.094
9.981
9.979
9.996
10.028
10.141
9.996
9.933
9.948
9.94
9.959
10.106
10.139
9.982
9.88
10.096
10.09
9.98
10.093
9.933
10.189
10.187
9.831
9.989
9.983
10.022
9.761
10.225
9.847
10.036
9.87
9.839
10.068
10.137
9.863
10.115
9.946
9.931
9.887
9.991
10.2
10.035
10.091
9.967
9.845
9.986
10.216
9.946
9.936
10.038
10.112
9.998
9.781
9.889
9.847
9.907
9.927
9.911
9.855
10.045
9.986
9.972
9.952
10.012
9.841
10.024
9.903
10.177
10.098
9.973
10.201
9.794
9.996
9.944
9.989
10.155
10.021
10.046
9.959
9.949
10.262
9.888
9.904
9.801
10.028
10.063
9.888
10.136
9.958
10.244
10.149
9.93
9.995
10.112
9.978
10.115
10.11
10.056
9.842
10.018
9.912
10.035
10.141
10.104
10.153
9.915
10.011
9.923
9.905
9.989
9.837
9.811
9.936
9.99
10.098
9.987
9.943
10.051
9.792
9.99
10.062
10.13
10.084
9.906
9.978
10.155
10.103
9.859
9.999
9.858
9.928
10.037
10.043
9.81
10.028
9.821
9.96
9.842
10.03
9.856
10.093
9.941
10.023
9.915
10.073
10.019
10.006
10.084
9.867
9.928
10.145
9.777
9.719
10.035
10.109
10.12
10.125
9.953
10.199
10.023
10.049
9.871
10.084
10.156
10.01
10.063
9.918
10.132
10.13
10.091
10.052
10.01
9.952
10.253
10.087
10.001
9.781
9.96
10.055
10.088
10.146
10.094
10.106
10.139
10.133
9.991
10.075
9.791
9.967
10.075
10.033
9.936
10.0
10.145
9.839
10.002
10.187
9.93
10.048
10.124
10.064
9.974
10.007
10.114
9.982
10.08
9.944
10.15
10.206
10.035
9.952
9.946
9.887
9.983
10.089
9.936
10.133
9.879
9.964
9.931
10.042
9.988
9.864
9.89
9.887
10.016
9.978
10.016
9.932
10.02
9.99
9.966
10.103
9.965
9.855
10.031
10.116
9.929
10.214
9.961
10.136
10.089
10.02
10.167
10.23
9.979
9.938
10.099
10.131
9.998
10.056
9.998
10.194
10.046
10.01
9.937
10.249
9.836
9.953
9.855
9.937
10.145
9.995
10.033
9.951
10.023
10.063
10.202
9.992
10.119
9.947
10.198
9.808
9.94
10.065
10.197
9.989
9.795
9.869
10.131
9.971
10.048
10.044
9.937
9.914
9.823
10.219
9.869
10.086
9.758
9.857
10.193
10.054
9.96
9.957
9.937
10.186
10.026
10.115
10.042
9.911
10.078
9.878
10.127
10.008
10.089
10.107
10.086
9.721
10.043
9.983
9.838
9.87
9.9
10.164
10.052
10.205
9.795
9.872
9.884
9.971
9.967
10.126
9.96
10.026
10.174
9.994
10.098
9.975
9.709
9.987
10.044
10.047
9.948
9.751
9.779
10.039
9.803
10.119
10.1
9.982
9.858
10.047
10.17
9.967
9.954
9.856
9.92
10.109
10.001
10.065
10.097
10.27
9.983
10.037
10.207
9.723
9.856
9.985
10.089
9.879
10.004
9.974
10.147
10.03
9.918
10.02
9.928
10.008
9.823
9.929
10.139
10.096
10.082
9.954
9.969
9.958
9.865
9.973
9.901
9.864
10.056
10.103
10.106
10.062
9.991
10.051
10.157
10.146
10.143
10.169
9.849
9.82
9.931
10.078
10.188
10.305
10.0
9.998
10.096
9.885
10.018
9.958
10.042
9.793
10.139
10.094
10.032
10.104
10.129
9.983
10.25
9.918
10.129
10.023
10.024
10.006
9.996
10.041
9.996
9.854
10.091
9.919
9.851
10.01
9.934
10.042
9.966
10.065
9.975
9.971
9.91
9.887
10.067
10.016
10.079
10.035
9.903
10.157
9.905
10.02
9.926
9.908
10.144
10.106
10.047
9.929
10.154
9.899
10.001
9.991
10.08
9.968
10.163
10.079
9.997
9.903
10.001
9.965
10.011
10.191
10.049
10.067
10.238
10.078
9.85
9.966
9.934
9.748
9.923
9.903
9.98
9.985
10.089
10.054
9.971
9.98
9.988
10.107
9.865
10.138
10.136
10.064
9.925
10.16
10.032
9.98
9.877
9.85
10.1
9.91
10.034
9.989
10.064
10.041
10.015
9.986
9.933
10.011
9.895
10.125
10.038
10.17
10.097
10.044
9.895
10.118
9.999
9.992
9.996
9.932
10.008
9.998
10.031
9.902
9.969
9.999
10.069
9.83
9.867
10.011
10.023
9.912
9.823
9.968
10.217
10.105
10.153
10.06
10.089
9.936
10.05
9.998
10.014
9.999
9.993
10.031
10.002
10.036
9.996
10.072
9.991
10.153
10.112
10.127
9.985
10.056
10.026
10.058
10.003
10.019
10.094
10.214
9.979
10.013
9.912
9.995
9.996
9.831
9.994
9.982
9.807
9.9
9.906
10.016
10.014
9.848
9.964
10.032
10.142
10.064
10.064
9.992
9.887
9.989
10.154
10.077
10.127
9.882
10.146
10.046
10.114
9.688
9.981
10.039
10.147
9.885
9.993
10.062
9.989
9.994
10.166
10.046
10.011
10.033
10.024
9.948
10.109
9.995
9.859
9.894
10.093
10.032
10.118
10.036
9.928
9.99
10.049
9.884
9.814
10.242
9.943
9.996
10.011
10.017
9.895
10.049
10.055
9.949
10.045
10.103
9.852
9.913
9.814
10.085
9.987
10.081
9.968
10.009
9.862
9.926
9.928
9.944
10.052
9.984
9.968
10.056
10.051
9.964
10.164
10.148
10.027
10.102
9.895
10.19
9.973
10.178
10.012
9.774
9.996
10.078
9.877
10.016
9.986
9.919
9.812
10.04
10.019
10.099
9.926
9.926
9.89
10.095
9.892
10.111
10.112
9.945
9.786
9.91
9.832
9.916
10.007
10.079
9.915
9.963
10.119
10.014
10.127
9.882
9.937
9.986
9.953
9.959
10.021
10.02
9.995
9.933
10.029
10.17
10.023
9.979
9.856
9.985
10.097
9.826
9.815
10.058
9.85
9.982
10.102
10.147
10.041
10.079
9.958
9.997
9.935
9.994
9.926
10.033
10.051
10.037
9.993
9.942
9.924
10.065
9.982
9.971
9.995
10.061
10.009
9.996
10.168
9.864
9.923
10.055
9.887
10.088
10.261
9.977
9.902
10.026
9.909
10.093
10.012
9.893
10.127
9.97
10.014
9.842
9.952
9.978
10.032
10.082
9.813
10.1
9.938
9.862
9.922
10.007
10.017
9.917
10.077
9.955
9.99
9.947
9.876
10.199
9.995
10.162
9.974
10.1
10.002
10.004
9.771
9.919
9.87
10.28
10.026
9.963
10.086
9.919
10.144
9.973
9.927
9.984
10.078
9.979
9.963
10.113
9.873
9.884
9.833
9.942
10.028
10.107
9.96
9.877
10.083
10.181
10.045
9.926
10.07
9.988
10.058
9.919
10.054
9.905
9.865
9.927
10.025
9.979
10.026
10.081
9.863
10.189
9.96
10.04
10.16
9.805
9.945
9.918
9.864
9.997
10.182
10.168
9.879
9.887
10.026
10.086
10.082
10.078
9.92
10.025
10.028
10.225
9.947
9.951
10.042
9.994
10.011
9.884
9.926
10.034
10.008
10.055
9.998
10.1
9.89
9.94
10.055
9.999
10.09
10.039
9.994
9.981
10.183
9.865
10.211
10.136
9.96
10.167
10.045
10.117
9.901
9.93
10.077
9.989
9.956
9.962
9.887
9.96
9.923
9.969
10.017
9.941
9.99
10.016
10.197
9.98
9.968
9.908
10.008
10.043
9.921
10.134
9.995
10.005
10.019
10.035
10.081
9.986
9.948
9.94
10.031
9.947
10.006
9.87
9.921
9.994
9.985
10.1
9.899
10.12
9.992
10.057
9.811
9.906
9.882
10.137
9.989
9.895
9.982
10.172
9.825
9.974
9.947
10.018
9.851
10.051
10.062
10.057
9.986
9.81
10.098
9.947
9.969
9.949
10.024
10.131
9.988
10.057
9.819
9.888
10.089
9.992
10.057
10.066
9.988
10.192
9.779
9.904
10.011
9.997
9.99
10.06
9.812
10.008
10.145
10.238
9.931
9.903
10.076
9.989
10.134
9.996
9.996
9.982
10.0
9.92
10.057
9.906
9.975
9.921
10.125
10.06
9.807
9.975
10.063
10.141
9.969
10.006
10.102
10.103
9.95
10.026
10.018
9.996
10.14
9.952
10.028
10.095
9.941
10.114
9.911
10.014
9.836
10.029
9.886
10.048
9.975
10.009
10.126
10.108
10.16
10.083
9.987
9.87
10.103
9.999
10.003
10.068
9.851
9.92
9.954
9.964
9.8
9.946
9.866
10.203
9.978
9.794
9.939
10.012
9.818
10.156
9.97
9.908
10.143
9.807
9.972
9.898
9.951
10.056
10.078
10.199
9.906
10.073
9.956
10.061
9.992
10.038
9.979
9.972
9.913
9.822
10.104
9.996
9.968
10.152
9.991
10.061
10.007
10.141
10.265
10.291
10.061
9.921
9.973
10.07
9.914
10.213
10.093
9.808
9.903
10.0
10.004
9.963
10.173
10.135
9.889
9.792
9.939
10.046
10.112
10.04
9.962
9.925
9.922
9.967
10.034
10.132
9.912
10.232
10.108
9.806
9.984
9.831
9.918
10.126
10.018
10.004
10.05
10.073
9.943
9.904
10.139
10.052
9.915
10.068
9.869
10.015
9.989
10.051
10.036
9.991
10.04
9.865
9.966
9.937
10.036
10.144
10.136
9.971
9.89
9.901
10.13
9.954
10.094
10.068
9.991
10.022
10.044
10.026
9.971
9.86
9.904
10.023
10.043
9.941
9.912
9.993
10.163
9.903
9.909
10.13
10.001
10.006
10.039
9.891
9.961
10.118
10.178
10.123
10.007
9.947
9.9
9.849
10.181
10.131
10.062
9.961
9.985
9.934
9.973
9.898
10.069
9.789
10.02
9.903
10.08
10.136
10.079
9.997
9.992
10.027
9.824
9.939
9.941
10.083
10.067
10.096
10.09
9.89
9.945
10.072
10.033
10.111
9.956
9.988
9.99
10.064
10.056
9.914
9.906
9.934
10.105
10.009
10.14
10.075
9.896
10.075
10.063
10.095
10.021
10.025
9.997
9.97
9.897
9.909
10.199
10.005
10.093
9.993
10.044
10.035
10.064
10.063
10.054
9.842
9.802
9.879
9.996
10.114
9.959
10.067
9.972
9.986
10.09
10.081
10.175
10.074
9.947
9.846
10.048
9.945
10.086
9.892
10.125
9.785
9.99
9.907
9.949
9.832
9.852
9.966
10.022
10.015
10.011
9.99
10.029
10.222
9.972
10.006
10.037
9.944
10.049
10.043
10.249
9.861
10.045
10.106
9.834
9.888
9.94
10.017
9.966
9.98
10.024
9.985
9.946
10.006
10.0
10.002
10.043
9.965
9.934
10.096
10.089
10.066
9.928
9.954
10.021
9.787
9.856
10.133
9.881
9.792
10.053
9.903
10.079
9.882
9.944
10.135
10.153
10.159
10.183
10.039
9.991
10.033
9.861
9.844
10.019
10.109
10.062
9.964
10.012
9.891
10.016
10.195
9.968
10.189
10.09
10.026
9.98
9.913
10.0
9.814
9.893
9.911
10.034
10.097
9.941
9.978
10.007
9.875
9.872
9.975
10.066
10.09
9.914
10.052
10.208
9.981
9.797
9.949
9.973
9.919
10.005
9.87
10.046
9.976
10.023
9.991
10.112
9.993
10.016
9.888
10.129
10.199
9.965
10.061
10.115
9.995
9.934
10.05
9.858
10.158
10.124
9.938
9.927
9.963
10.142
10.049
9.809
10.074
9.911
9.987
9.849
10.172
9.98
10.188
10.011
10.012
9.82
9.98
9.948
10.037
10.116
9.906
10.177
10.07
10.126
10.055
9.953
10.004
9.98
9.959
10.035
10.056
9.811
10.001
10.051
9.926
9.99
10.052
9.969
9.911
9.971
9.93
10.168
9.829
10.252
10.12
9.949
10.03
10.032
9.779
10.093
9.952
9.875
9.928
10.048
9.968
10.016
9.958
10.042
10.084
9.881
10.069
10.012
10.059
10.035
10.031
9.962
9.903
10.067
9.876
9.979
10.12
9.904
9.968
10.129
9.966
9.754
10.172
10.021
9.941
10.003
10.059
10.054
9.963
10.031
9.76
9.965
10.192
9.94
10.024
9.851
9.947
10.017
9.851
10.122
9.99
10.045
9.938
9.936
10.013
9.901
10.047
9.939
10.125
9.864
9.973
10.053
9.933
9.93
9.888
10.258
10.062
9.982
9.849
9.934
10.061
10.056
9.953
10.048
9.907
9.924
10.061
9.949
10.123
9.864
10.003
10.053
9.941
9.956
9.932
9.967
10.143
9.953
9.851
9.913
9.712
10.068
9.963
9.961
10.004
10.029
9.905
9.977
9.953
10.026
10.007
9.997
10.017
10.117
9.878
10.071
9.787
10.117
9.984
10.144
9.975
9.833
10.117
10.019
10.085
10.132
9.973
10.146
10.063
9.887
9.989
10.012
10.027
9.97
10.007
10.146
10.017
10.131
9.897
10.074
9.999
10.04
10.055
9.959
9.995
9.86
9.927
9.886
10.053
9.93
9.976
9.96
9.883
9.943
10.089
10.116
10.023
9.942
10.118
9.883
10.073
9.987
10.027
10.066
9.927
10.129
10.018
9.977
10.069
10.064
9.995
9.694
9.819
9.946
10.03
9.916
9.878
9.935
10.008
10.01
9.971
9.939
9.984
9.976
10.039
9.924
10.069
9.844
10.092
9.877
10.044
9.996
10.075
10.056
10.138
10.107
10.065
9.976
9.942
9.797
9.977
9.88
10.112
10.068
10.017
10.066
10.087
9.918
10.054
9.939
9.892
10.134
9.885
10.029
9.949
9.837
10.246
9.947
9.913
10.101
10.13
10.0
9.962
10.104
10.116
9.854
9.961
9.85
10.092
10.05
9.855
9.824
9.939
10.06
9.875
10.229
10.171
10.201
9.911
10.073
10.113
10.104
10.006
9.974
10.161
10.136
9.955
9.978
10.071
10.146
9.779
9.995
9.852
10.008
10.081
10.173
9.927
9.976
10.137
9.873
9.819
9.871
9.803
10.268
10.002
9.969
9.881
10.118
9.941
10.043
10.049
9.884
9.834
10.119
9.876
9.908
9.911
9.989
10.115
9.888
9.905
10.074
9.99
9.763
9.965
10.06
9.992
9.957
10.106
10.055
10.037
10.009
9.817
9.964
9.94
10.075
9.991
9.993
9.938
10.084
10.003
10.017
9.909
10.097
10.034
10.054
10.048
9.977
10.261
9.825
9.897
9.91
10.046
9.912
10.045
9.887
9.946
10.111
10.071
10.04
9.971
10.157
10.179
9.943
10.006
9.906
9.996
9.871
10.061
9.91
10.125
10.138
9.996
9.826
10.047
10.025
9.967
10.013
9.943
10.023
9.889
10.034
10.024
9.944
10.039
9.816
10.003
9.946
9.899
9.974
10.147
9.881
9.922
10.054
9.995
10.082
9.946
9.977
10.09
9.866
10.128
10.175
9.785
9.853
10.016
10.068
10.01
10.243
10.102
9.988
9.985
10.082
10.019
9.866
9.876
10.182
10.048
10.126
10.097
10.014
9.977
10.106
10.034
9.889
10.042
10.0
10.069
10.119
9.989
9.929
10.044
9.919
9.942
10.069
9.931
9.944
10.193
10.066
10.026
9.913
10.182
10.199
10.11
9.792
9.904
10.132
10.109
10.072
10.028
9.957
9.849
10.192
10.116
9.932
10.04
10.109
10.233
10.069
9.793
10.106
10.121
10.047
9.878
9.972
9.982
9.975
9.858
9.896
9.843
9.949
9.971
10.032
9.851
9.979
9.979
10.195
9.996
10.189
9.971
10.16
10.201
9.917
9.913
9.855
10.133
9.95
10.073
10.03
10.106
10.051
9.936
9.963
10.173
10.056
9.919
10.23
9.949
10.039
10.07
10.088
10.101
10.042
10.176
9.987
10.131
10.138
10.157
10.026
9.967
10.036
9.908
9.895
9.978
9.953
9.839
10.136
9.975
9.908
10.101
10.058
10.086
9.801
9.81
9.757
10.073
10.015
9.791
10.022
9.917
10.13
9.999
10.044
10.022
10.172
9.938
9.964
9.983
9.986
9.984
9.862
9.958
10.047
10.099
10.05
9.992
10.136
10.023
10.064
10.256
10.072
9.937
9.918
9.816
9.965
10.018
10.112
9.923
10.264
10.016
10.004
10.156
10.085
9.993
9.954
10.072
10.083
9.975
9.981
10.008
9.907
9.929
9.99
9.858
10.202
9.851
9.708
10.062
9.847
10.048
9.945
10.076
9.979
10.046
10.071
10.048
10.0
10.047
9.837
10.157
9.849
10.123
10.03
9.877
9.804
10.002
10.09
9.74
10.123
10.049
10.023
10.062
10.156
10.201
10.095
9.942
10.065
9.918
9.911
10.039
10.122
9.88
9.823
10.038
9.979
9.993
9.939
9.961
10.085
9.944
10.023
9.975
10.146
9.882
10.028
9.82
10.096
10.002
9.842
9.961
9.991
10.287
10.018
9.885
9.983
10.046
10.118
10.035
10.115
9.893
9.931
9.956
10.024
9.967
10.094
9.883
9.934
10.056
9.965
9.999
9.801
10.017
10.165
9.93
9.978
10.044
10.006
10.027
9.931
10.019
10.002
9.854
10.123
10.22
9.884
9.953
9.902
10.035
9.911
9.967
9.92
9.959
9.887
9.936
10.077
9.997
10.06
9.933
9.933
9.939
9.777
10.031
10.109
9.935
9.951
10.032
10.004
10.06
10.09
9.86
10.023
9.919
10.028
10.047
9.937
9.935
10.088
10.118
9.952
10.173
9.882
9.817
10.064
10.156
10.125
10.029
10.025
10.127
9.945
10.129
10.056
9.854
9.978
9.878
10.019
9.885
9.85
10.017
9.93
9.891
9.844
9.955
9.978
9.99
10.024
9.94
9.94
10.156
10.068
10.053
10.08
10.068
10.194
10.116
10.152
9.915
9.977
9.756
10.008
9.926
9.994
9.979
10.069
10.044
9.922
9.935
10.078
9.946
9.866
10.052
9.883
9.935
9.969
9.979
10.13
9.968
9.873
9.97
9.954
9.938
10.035
9.999
9.805
10.013
10.067
10.01
10.103
9.992
9.955
10.027
10.006
9.991
10.002
10.169
9.927
9.903
9.918
9.912
9.954
10.185
10.002
10.116
10.026
10.12
9.823
10.067
9.971
10.03
10.083
10.029
10.079
10.286
9.868
9.85
10.075
9.918
9.941
10.035
9.975
9.989
10.129
9.76
9.959
10.038
9.897
10.19
10.088
9.998
9.987
10.044
9.986
10.056
10.147
9.89
9.886
9.916
9.996
9.995
10.039
9.891
10.011
10.1
9.945
9.968
10.216
9.983
10.106
9.962
9.92
9.935
9.938
10.147
10.171
10.005
9.956
9.925
9.925
9.912
10.073
10.072
10.036
10.099
10.044
9.94
10.168
10.083
9.875
10.182
10.114
10.227
9.942
10.023
9.978
9.985
9.918
9.899
10.071
10.114
9.951
9.892
10.051
10.086
10.025
10.08
9.847
10.162
10.146
10.032
10.044
9.898
9.968
9.906
9.98
9.888
9.957
10.173
9.973
9.976
10.068
9.952
9.713
10.035
9.988
10.078
10.035
9.826
9.918
9.985
10.081
9.742
10.124
9.964
10.055
10.082
9.967
9.952
10.024
9.964
10.08
10.118
10.01
10.066
10.119
9.943
10.054
9.981
9.973
10.158
10.026
10.119
10.037
10.014
10.006
9.974
10.004
10.144
10.144
10.104
9.972
10.01
9.996
10.131
10.04
9.958
10.051
9.93
10.118
10.081
9.989
9.878
9.971
10.05
10.012
10.019
10.095
9.907
10.062
10.043
10.002
10.103
9.961
9.959
10.094
10.018
9.878
9.92
10.127
10.044
10.026
9.989
9.872
9.959
10.044
10.151
10.029
10.047
9.903
10.127
10.096
9.965
10.143
9.746
9.918
10.048
10.27
10.025
9.954
9.992
9.935
9.927
10.122
9.901
10.125
10.087
9.848
9.913
9.936
9.808
10.048
10.274
10.024
10.155
9.997
10.076
10.044
10.116
9.944
10.081
10.059
9.969
9.866
9.975
10.192
9.958
10.059
9.923
9.909
9.999
10.061
9.926
9.896
10.013
10.073
9.99
9.951
10.062
10.01
9.896
9.955
9.826
9.962
9.922
10.023
10.055
9.983
10.133
10.128
10.019
10.113
10.254
10.097
10.061
10.086
10.1
9.997
9.916
10.121
9.927
10.127
9.933
10.123
10.121
10.058
9.962
9.994
9.981
10.075
10.045
10.096
9.811
9.965
9.956
10.101
10.008
10.025
10.048
10.005
9.947
9.81
10.094
9.952
9.929
10.168
9.832
10.01
9.785
9.936
9.956
9.961
9.947
10.083
9.858
10.098
10.064
10.069
9.981
9.901
9.947
10.179
10.032
10.052
10.198
10.15
10.103
9.866
10.042
9.916
9.967
9.829
10.171
9.847
10.069
10.125
9.92
10.217
9.883
9.894
10.01
9.938
9.934
9.885
9.917
10.111
9.87
10.012
9.899
9.961
10.242
9.996
10.064
10.097
9.938
9.835
9.995
10.193
9.994
9.725
10.009
10.131
10.003
10.021
9.98
9.923
9.867
10.249
10.072
10.168
9.913
10.07
10.089
10.075
10.029
9.869
9.936
10.045
10.124
9.986
9.933
9.995
10.143
10.045
9.971
10.054
9.987
10.167
10.015
10.064
9.976
10.073
9.982
9.94
9.922
9.988
9.971
9.893
10.074
9.981
9.758
9.983
10.122
10.004
10.112
9.919
10.117
9.938
10.02
9.859
9.967
9.93
9.971
9.893
9.923
10.035
9.987
9.978
10.012
9.991
9.942
9.879
9.909
9.809
10.18
10.004
10.028
9.968
10.097
10.106
9.861
10.075
9.897
10.092
9.842
9.91
9.78
10.23
10.049
10.075
10.061
9.938
10.092
10.081
10.1
9.936
9.882
10.073
9.954
10.057
10.017
10.061
9.915
10.013
9.813
9.962
10.007
9.954
9.974
9.953
9.929
9.962
9.932
9.991
10.076
10.17
10.164
9.946
10.098
9.858
9.99
10.085
10.082
10.109
10.097
9.828
9.938
9.94
9.934
10.012
9.993
10.081
9.943
10.122
10.117
9.84
9.982
9.917
10.075
9.902
10.011
9.79
9.952
9.853
10.041
9.904
9.972
10.028
9.863
10.184
10.157
9.773
10.13
10.152
10.022
9.875
10.027
9.89
10.117
10.064
10.031
9.997
9.92
10.053
9.969
10.016
9.875
9.907
9.86
10.06
10.001
9.909
10.085
9.989
10.193
10.062
9.899
10.038
10.013
9.955
10.211
10.061
10.068
9.896
10.17
10.009
9.855
9.853
9.996
10.101
10.124
9.909
9.891
9.828
9.927
10.041
10.016
10.172
9.939
10.165
10.073
10.283
9.817
10.082
9.967
10.152
9.987
9.916
9.908
10.11
10.035
9.939
9.852
9.977
9.902
9.838
10.165
10.012
9.859
9.89
10.08
9.999
10.055
10.048
9.932
9.962
10.055
9.944
9.841
9.96
9.946
9.974
9.99
9.951
10.096
9.916
9.923
9.993
10.258
10.01
10.021
9.737
9.94
10.037
10.0
9.982
10.048
10.048
10.155
10.046
10.01
10.087
10.062
10.063
10.054
9.984
9.971
9.98
9.947
10.099
9.903
10.132
9.933
9.963
10.058
10.003
9.995
10.01
10.147
9.974
9.802
10.053
9.853
10.168
9.989
9.888
9.896
10.054
10.067
9.859
9.963
10.082
9.878
9.929
10.074
9.977
10.003
9.972
9.972
10.073
10.041
9.879
9.829
10.09
10.112
10.099
10.119
10.098
9.931
9.933
9.962
10.097
9.965
9.986
9.88
10.148
10.021
10.006
10.011
9.935
10.042
10.164
9.997
10.031
9.81
9.845
10.042
9.977
10.09
9.972
10.125
10.111
10.03
9.945
9.975
9.9
10.029
9.909
9.893
10.022
9.962
9.924
10.067
9.767
10.02
10.043
9.966
10.043
9.999
10.062
9.98
9.994
10.062
10.171
10.038
10.078
10.331
9.938
9.859
9.902
10.024
9.829
9.998
10.008
10.003
9.776
9.844
9.95
10.166
10.035
9.857
9.764
9.981
9.978
10.004
9.993
9.911
9.986
9.894
10.019
9.962
10.122
9.899
9.889
10.07
9.802
10.015
9.87
9.948
9.987
10.198
9.92
10.122
10.038
9.968
9.935
9.889
9.888
10.058
10.046
10.012
9.87
10.092
10.057
10.066
9.927
9.951
9.777
9.918
10.074
10.098
10.102
10.021
9.956
9.916
9.976
10.118
9.959
10.074
9.958
9.926
9.822
9.946
10.053
10.063
10.009
10.09
10.033
9.925
10.058
10.038
10.019
10.079
10.067
10.021
10.138
10.097
9.948
10.048
9.974
9.984
10.009
10.134
10.074
10.151
9.91
10.011
9.947
10.166
10.059
10.003
9.991
10.135
9.984
10.081
9.899
9.952
10.1
9.751
10.157
10.104
10.084
9.918
9.911
10.045
9.946
9.991
10.012
9.892
9.932
9.961
9.936
9.933
10.028
10.085
10.048
9.996
9.838
10.004
10.077
9.926
9.926
10.19
9.844
10.205
9.882
9.983
10.0
9.861
10.052
10.036
10.073
9.993
10.014
10.005
9.971
9.902
9.78
10.062
10.056
9.97
9.931
10.01
10.102
10.162
10.117
10.022
9.917
9.911
9.906
10.04
10.074
9.887
10.031
10.092
10.062
10.05
10.027
10.014
9.908
9.853
10.012
10.072
10.001
10.082
10.054
10.084
10.053
9.941
9.973
9.865
9.943
9.888
9.989
9.833
10.0
9.991
10.044
9.901
9.968
9.873
10.038
10.146
9.935
9.997
10.014
10.047
9.904
10.093
10.166
9.94
9.895
9.854
10.085
10.093
9.963
10.072
10.043
9.896
10.109
10.117
10.073
9.927
9.997
9.855
10.02
10.132
10.052
10.073
10.234
9.972
10.028
10.047
9.832
9.956
9.908
9.915
10.015
9.881
10.068
10.089
9.997
9.971
9.952
9.86
9.828
9.857
9.872
10.085
9.939
10.01
9.979
10.019
9.816
10.052
9.995
10.096
9.91
10.013
10.137
9.948
9.872
9.968
10.208
9.838
9.961
10.196
10.059
10.18
10.006
9.958
9.781
10.073
9.856
9.813
10.08
10.02
10.033
10.206
10.042
9.867
9.945
9.87
9.931
9.918
10.088
9.923
9.971
9.915
10.042
9.992
10.041
9.819
10.031
10.05
10.044
9.984
9.901
10.176
9.917
9.985
9.974
10.08
10.113
9.878
10.163
9.884
9.925
9.797
9.839
9.976
9.976
9.933
10.055
9.902
10.169
10.058
9.999
10.018
10.091
9.902
9.926
10.181
9.969
9.824
10.028
9.825
9.955
9.95
9.999
9.887
9.952
10.08
10.131
10.026
9.886
9.876
10.093
9.785
9.978
10.089
9.9
10.054
9.958
10.021
10.036
9.894
10.158
10.118
10.109
10.044
10.121
9.993
9.81
9.809
9.905
9.937
9.99
9.927
10.134
9.977
9.989
9.95
9.904
10.023
10.105
9.996
9.868
9.974
9.938
10.061
9.993
9.964
9.841
9.894
10.046
9.931
10.243
10.14
9.861
9.89
10.15
10.184
10.133
10.019
9.934
9.874
9.985
9.999
10.045
9.811
10.048
9.984
10.0
10.016
10.121
9.816
9.952
9.899
9.905
9.848
10.213
9.927
9.842
9.921
9.898
9.993
9.95
9.844
10.12
9.924
9.849
10.012
9.97
9.996
9.895
9.952
9.921
10.062
10.002
9.927
10.06
10.038
10.106
9.891
9.923
9.905
10.034
10.057
10.025
10.149
9.877
10.109
10.005
9.823
10.025
10.048
9.888
9.902
10.067
9.878
10.055
10.122
10.003
10.024
10.105
9.999
10.086
9.963
9.775
9.979
9.766
9.971
9.992
10.099
9.988
9.931
9.986
9.756
10.079
10.129
9.877
10.01
9.909
10.164
9.969
10.148
9.861
9.979
9.965
10.095
10.011
10.004
9.883
10.066
10.035
9.925
9.954
9.959
9.975
9.949
10.089
10.072
9.982
10.013
9.984
9.946
10.052
10.072
9.959
9.947
10.014
9.87
10.148
10.121
9.918
10.011
10.104
9.785
10.018
9.988
9.832
9.973
10.012
9.81
9.923
10.118
10.003
10.241
9.901
9.942
9.959
9.812
9.978
10.037
10.03
9.901
10.008
10.221
9.988
10.046
10.219
10.022
10.068
10.062
10.105
10.041
10.058
9.969
9.782
9.924
9.749
10.017
10.133
10.125
9.914
10.112
10.145
9.995
10.028
10.081
10.007
9.934
9.93
9.982
9.957
9.851
9.996
9.963
9.928
9.996
10.124
9.853
9.962
9.833
9.998
9.832
9.945
9.932
10.151
10.06
10.093
10.028
10.016
10.184
10.195
9.989
10.111
9.831
10.0
10.064
9.911
9.98
9.981
10.083
9.924
9.941
9.868
10.237
10.157
10.014
9.99
10.04
9.931
10.07
9.909
10.001
9.943
9.858
9.938
9.891
10.159
9.876
9.983
10.017
10.207
10.22
10.032
10.044
10.101
9.886
9.822
10.114
10.018
9.958
9.949
9.964
10.03
10.021
10.054
9.894
9.903
9.984
9.782
9.816
10.066
9.94
9.926
10.032
10.058
10.17
9.87
9.898
10.015
10.112
9.988
10.004
9.925
9.996
10.022
10.12
9.973
10.039
9.902
9.929
9.901
9.878
9.971
9.981
10.212
10.115
10.005
9.984
10.08
10.039
10.007
9.962
10.09
9.969
10.066
10.038
10.029
9.967
10.126
9.989
10.075
10.047
9.934
9.938
10.115
9.881
9.846
9.86
9.905
10.117
10.069
9.882
10.232
10.005
9.98
10.092
10.039
9.938
9.814
9.887
9.998
9.894
10.109
10.002
10.077
10.01
10.073
10.056
10.139
9.997
10.055
10.118
9.991
10.032
10.051
9.913
9.883
9.892
10.08
9.89
10.064
9.898
10.033
10.096
9.875
10.061
9.825
9.922
10.177
10.021
10.024
10.01
9.939
10.125
9.886
9.964
9.994
10.073
10.007
10.003
9.925
9.933
10.192
10.215
10.005
10.084
10.185
9.98
10.122
10.214
10.069
10.04
9.908
10.057
9.959
10.075
10.054
10.067
10.035
9.904
10.009
9.99
9.827
10.079
9.831
9.981
10.091
10.043
9.981
9.878
10.117
10.012
9.867
10.014
9.999
10.055
10.018
10.087
10.048
10.197
10.02
9.946
9.854
10.138
9.949
10.119
10.037
9.903
10.046
10.086
10.061
9.981
9.978
9.966
10.154
9.916
10.055
10.166
9.964
10.024
9.999
10.012
10.125
9.883
10.127
10.011
9.967
9.842
10.222
9.855
10.261
9.99
9.853
10.042
10.096
9.98
9.904
9.997
9.991
9.983
9.936
10.03
9.999
10.167
10.035
9.906
10.093
9.973
10.103
9.973
9.91
10.055
10.247
10.129
10.034
9.986
10.007
10.072
9.929
9.95
9.941
9.932
9.959
9.849
10.026
9.949
10.0
10.131
9.996
10.023
10.205
10.014
10.174
9.874
10.054
10.19
9.995
10.055
10.072
10.192
9.924
10.028
10.051
10.068
9.877
9.841
10.056
9.954
10.104
10.023
9.853
9.889
9.798
9.893
10.004
9.924
10.022
9.958
10.018
10.116
9.978
9.997
10.016
9.913
10.025
9.859
10.053
10.026
9.889
9.906
9.908
9.975
9.961
9.896
9.935
10.03
9.994
10.039
9.703
9.952
10.069
9.823
9.86
10.007
10.006
10.004
9.992
9.909
10.062
9.997
9.933
9.926
10.082
9.857
9.991
10.11
10.181
9.996
10.079
9.939
9.918
10.104
10.07
9.955
10.047
10.173
10.096
9.999
9.873
9.908
9.797
10.031
9.996
9.951
10.181
9.963
10.01
9.872
9.973
10.011
10.202
9.98
10.007
10.0
10.067
10.025
10.145
10.158
9.864
9.988
9.998
10.207
9.962
9.923
10.061
10.036
9.841
9.886
9.961
10.076
10.166
9.966
10.055
10.121
10.076
9.914
10.071
9.944
10.131
10.113
10.021
10.067
10.027
10.146
10.115
10.067
9.916
9.983
10.001
9.859
9.798
10.025
10.035
9.835
9.972
9.938
9.973
10.051
9.932
10.06
10.033
9.977
10.07
10.029
9.94
10.047
9.894
10.124
10.042
9.962
9.899
10.095
10.201
10.029
10.081
9.889
9.995
10.123
9.937
9.906
9.942
9.924
10.037
9.993
9.663
9.975
9.796
9.99
10.049
9.71
9.907
10.051
10.145
9.979
9.971
9.938
9.977
9.821
9.957
9.981
10.181
9.954
10.073
10.177
10.017
9.876
10.039
10.033
10.075
10.115
9.873
9.99
10.063
10.093
10.094
10.052
9.922
10.023
9.983
9.97
10.001
9.995
9.989
9.924
10.023
9.954
9.914
9.974
10.016
10.125
10.048
10.094
9.913
10.077
10.029
10.021
10.046
10.033
9.899
9.875
10.097
9.935
10.021
9.857
9.821
9.88
10.084
9.864
9.959
9.928
9.918
9.931
9.818
9.989
9.961
9.854
10.172
9.991
9.875
10.139
10.01
10.059
10.017
10.01
9.924
10.104
9.989
10.154
10.051
9.793
9.827
9.915
9.888
10.006
9.998
9.921
10.125
9.838
10.018
9.905
10.027
9.905
9.995
10.057
9.931
10.055
10.022
9.878
9.917
10.02
10.03
10.048
10.042
9.98
9.903
9.957
10.051
10.093
9.67
9.879
10.013
9.929
10.136
9.942
10.055
10.014
9.815
10.025
10.1
10.029
10.023
9.94
9.908
9.918
9.964
9.836
9.991
10.119
10.077
10.02
9.984
10.146
9.949
9.988
10.004
9.806
10.07
9.933
9.947
10.006
9.972
10.215
9.954
9.94
9.958
9.915
9.981
10.075
10.081
9.926
10.043
10.096
9.915
9.995
10.213
9.928
10.051
10.222
10.038
10.032
9.837
9.973
10.12
9.894
9.959
10.214
9.977
9.85
9.917
10.013
9.993
10.138
9.987
10.086
10.002
9.901
10.006
10.01
10.096
9.833
10.207
10.024
9.938
10.269
10.012
10.026
10.047
9.902
9.991
10.044
9.999
9.915
10.133
9.996
10.047
10.023
9.966
10.034
9.939
9.779
9.992
10.2
10.09
10.119
10.043
9.991
9.993
9.912
10.083
9.876
9.946
9.912
10.016
10.06
9.884
9.925
9.859
9.861
9.877
10.014
9.861
10.288
10.1
9.946
9.989
10.06
9.976
10.052
9.993
10.02
9.969
10.045
9.998
10.057
9.927
9.835
9.996
10.07
9.954
10.046
9.882
9.976
9.906
10.088
10.01
10.069
10.059
10.108
9.942
9.918
10.075
10.029
10.048
9.957
10.132
10.06
10.009
10.099
10.036
10.091
10.044
10.076
9.974
10.123
9.975
10.154
9.999
10.013
9.861
10.121
10.061
9.86
10.063
10.114
10.106
10.154
10.024
9.856
9.849
9.928
10.133
10.028
9.938
10.102
9.866
10.156
10.097
9.8
10.29
10.095
10.105
9.855
9.997
9.95
9.88
9.848
10.033
10.101
9.863
9.978
10.197
10.216
10.047
10.097
9.824
10.005
9.921
9.914
10.096
9.89
9.974
10.069
10.011
9.837
10.099
10.095
10.043
10.052
10.121
10.1
10.017
9.881
9.916
9.831
9.924
9.906
9.906
10.036
9.998
10.043
10.112
10.01
10.154
10.258
10.004
9.983
10.02
10.01
10.033
10.018
9.843
10.101
10.023
9.988
10.056
10.029
10.004
9.998
10.051
9.924
10.041
9.993
10.018
9.982
9.945
9.969
9.944
10.022
9.948
9.943
10.033
10.016
9.995
9.881
10.193
10.155
10.028
9.912
9.957
10.054
10.101
10.084
9.8
10.001
9.913
9.972
10.06
9.966
9.93
9.976
10.039
9.916
9.918
10.091
10.05
10.187
9.892
10.031
9.982
10.047
9.913
10.146
9.997
10.122
9.922
9.82
10.123
9.852
9.906
10.124
9.994
10.068
10.132
10.048
10.198
10.009
10.043
9.996
10.009
10.003
10.079
9.935
9.966
9.852
9.948
10.115
9.88
9.993
10.115
9.996
10.02
9.981
10.183
10.062
10.102
10.094
10.077
10.096
9.92
9.838
10.119
10.087
9.96
9.958
10.057
10.092
10.017
9.941
10.176
9.93
10.107
10.13
9.944
10.049
9.844
9.975
9.954
9.983
9.879
9.996
10.123
10.018
9.779
10.075
9.947
9.89
9.995
10.015
10.099
9.903
9.929
9.905
9.839
10.115
9.949
9.989
9.908
10.127
10.011
9.949
9.968
9.979
9.96
9.887
10.065
10.077
9.989
10.017
9.823
9.989
9.983
10.025
9.855
10.087
10.004
9.952
9.867
10.007
10.113
9.875
10.05
9.919
9.903
9.789
9.901
9.867
9.941
9.906
9.903
10.066
9.915
10.061
10.159
10.079
10.086
9.896
10.086
10.021
10.157
9.877
10.07
9.799
10.014
9.875
9.944
9.903
10.092
10.05
9.935
10.059
9.859
9.889
10.035
10.12
10.058
10.068
10.058
10.102
10.227
9.982
10.05
9.875
10.017
10.016
9.942
9.954
10.004
9.832
10.089
9.904
9.939
10.007
10.039
10.079
9.98
9.867
10.072
9.898
9.971
10.133
9.814
10.038
9.98
10.115
9.892
9.88
9.973
9.931
10.01
10.073
10.145
10.08
9.867
9.957
9.908
10.012
9.949
10.026
10.135
10.114
10.103
9.929
10.032
9.892
10.109
10.072
9.956
9.925
9.864
10.184
10.008
9.878
9.878
9.878
10.074
9.884
10.078
9.908
9.851
10.003
9.808
9.99
10.001
9.913
10.016
9.922
9.907
10.151
10.126
9.99
10.168
9.975
10.034
10.122
9.987
9.909
9.942
9.933
10.045
9.844
9.91
10.035
9.921
9.891
10.0
9.874
9.842
10.089
10.096
10.046
9.987
10.12
10.025
10.095
9.991
9.953
10.018
9.973
9.816
9.866
10.047
9.939
9.903
9.938
10.022
10.066
10.134
10.063
9.973
9.958
10.109
9.894
10.091
10.068
9.904
9.856
9.925
10.138
10.109
9.839
10.047
9.914
10.122
9.947
10.174
10.064
9.854
9.924
9.929
10.007
10.06
10.137
10.085
9.994
10.112
10.064
9.94
10.071
9.947
9.988
10.005
9.797
9.912
9.963
9.852
10.148
9.876
10.07
10.197
9.97
9.987
10.042
9.972
9.918
10.038
9.928
10.077
10.025
9.957
9.869
10.007
9.953
10.001
9.944
9.913
9.988
10.051
10.031
10.081
10.017
9.976
9.803
9.974
9.9
9.926
10.024
9.987
10.004
9.983
9.933
10.001
9.988
10.033
10.078
10.039
10.2
9.813
9.931
9.91
10.054
9.895
9.89
9.791
9.824
9.953
9.954
9.889
10.031
10.066
10.122
9.978
10.114
10.025
9.96
10.004
10.075
10.115
10.042
10.01
9.705
10.004
9.981
9.991
10.021
10.133
10.044
10.049
10.076
10.121
9.901
10.016
10.113
10.072
9.916
9.985
10.136
10.064
10.058
10.186
9.968
9.952
9.954
10.183
9.854
10.122
10.163
9.86
9.975
9.905
10.018
9.941
10.034
9.881
10.048
10.144
9.95
10.012
10.063
10.007
9.87
10.104
10.053
10.167
9.884
10.164
9.98
10.045
9.938
9.783
9.982
10.102
9.828
10.042
10.15
9.89
10.094
9.929
9.876
9.972
9.958
10.037
9.993
9.993
9.981
10.026
10.117
10.033
9.955
9.794
9.916
9.989
10.054
9.818
10.117
9.972
10.113
10.151
9.96
10.063
9.929
10.133
10.001
9.804
9.951
10.033
9.998
10.103
9.777
9.956
9.899
10.047
9.995
9.812
9.859
9.908
10.157
9.894
10.024
10.1
9.946
10.029
10.131
9.812
10.125
9.973
9.971
10.008
10.083
10.09
10.029
10.006
9.887
9.969
10.024
9.836
10.127
10.13
9.927
10.074
10.051
10.06
10.061
9.967
9.897
10.128
9.942
10.053
9.914
10.108
9.911
10.1
10.111
10.05
9.978
10.079
10.183
9.948
9.935
10.021
10.016
10.058
10.081
9.934
9.952
9.894
10.007
10.137
9.99
9.93
9.944
9.952
9.921
9.934
9.92
10.028
10.022
10.069
9.68
9.962
9.711
10.103
10.145
10.116
9.938
9.985
9.89
9.907
10.297
9.96
9.987
9.894
9.945
10.071
10.048
10.089
9.975
10.214
9.877
9.914
9.823
10.007
9.966
9.989
9.697
9.875
9.968
10.067
9.9
10.077
10.085
10.146
10.155
9.831
9.857
10.198
10.139
10.135
10.128
9.982
9.765
10.157
10.01
9.948
10.003
10.068
10.07
9.942
9.93
9.983
9.878
10.073
9.886
9.894
10.012
9.952
9.942
9.884
10.033
10.052
10.123
9.944
10.047
10.187
10.06
9.945
10.099
10.081
10.116
10.016
10.164
9.893
10.09
9.93
10.034
10.041
9.898
10.011
10.102
10.118
10.031
10.043
9.815
10.033
9.987
10.178
10.029
10.184
9.991
9.901
9.991
9.952
10.067
9.986
9.797
9.922
9.947
10.151
9.997
9.958
9.784
10.072
10.059
10.208
9.975
9.923
10.088
10.089
10.013
9.963
9.996
10.028
9.923
10.113
10.082
10.079
10.09
9.969
10.092
10.029
9.84
10.043
9.913
10.073
9.996
10.069
10.001
10.068
9.893
9.977
10.096
9.855
10.149
10.039
9.877
10.06
9.995
9.943
9.898
9.903
9.973
9.916
9.901
10.101
9.897
9.839
10.074
9.994
9.931
10.124
9.999
10.021
10.063
9.922
9.947
10.063
9.806
10.026
9.952
10.05
10.007
10.006
10.095
10.087
10.147
10.202
9.996
9.891
10.024
10.037
10.098
10.112
9.883
10.015
10.105
10.012
10.121
10.026
9.928
9.819
9.996
9.777
9.96
9.969
10.143
9.933
9.978
9.855
10.029
10.065
10.222
10.015
10.151
10.025
10.034
9.993
10.08
10.289
10.02
9.937
10.083
9.929
9.989
10.036
9.961
9.845
9.969
9.929
10.144
10.019
10.272
9.875
9.954
9.917
9.895
10.149
9.952
10.027
9.789
10.118
10.077
9.97
9.981
10.109
10.014
10.065
9.989
10.068
10.025
10.032
9.948
10.031
10.205
9.996
9.819
9.881
9.837
9.939
9.939
9.964
10.074
9.93
9.995
10.128
9.966
9.931
9.99
9.861
10.109
10.098
9.829
10.074
9.864
10.093
10.188
10.176
9.981
10.109
9.968
9.944
9.907
9.923
10.049
10.078
10.139
10.001
9.963
10.264
9.852
10.067
9.995
10.024
9.989
10.032
9.869
9.898
10.043
10.049
10.071
10.02
9.835
9.978
9.978
10.041
9.865
10.084
9.902
9.983
9.974
10.136
10.122
9.944
10.006
9.863
10.056
10.07
10.172
9.968
9.75
10.041
9.693
10.142
10.039
10.014
10.019
9.925
9.969
9.938
10.147
9.82
10.111
9.942
9.869
9.873
9.906
10.198
10.036
10.001
9.944
10.057
10.105
9.993
10.051
9.954
10.041
10.138
9.912
9.837
9.787
10.087
10.074
10.107
9.91
9.968
9.942
9.999
9.821
10.043
9.95
10.082
10.086
9.87
9.956
9.963
9.873
10.177
9.992
10.018
10.014
10.039
10.112
9.844
10.021
10.069
10.019
10.093
10.193
9.912
9.928
10.019
10.17
10.043
10.048
9.729
10.065
10.046
9.866
10.047
10.052
9.86
10.065
10.067
9.888
9.868
10.095
10.123
9.852
10.029
9.924
10.039
9.893
10.018
9.999
9.889
10.201
9.959
10.099
9.984
10.217
10.016
9.975
9.835
9.98
9.848
10.046
10.171
9.912
10.067
9.971
10.014
10.081
9.993
9.962
9.96
9.933
9.927
9.898
10.056
10.0
9.965
9.875
10.178
9.835
9.909
10.038
10.017
10.155
9.967
9.952
9.979
9.966
9.975
10.114
9.984
9.804
9.944
9.866
9.969
9.935
10.043
10.012
9.996
10.035
10.041
10.06
9.99
10.114
10.044
9.992
10.082
9.977
9.931
9.964
10.032
10.024
9.931
9.957
9.83
10.014
9.951
10.19
9.944
9.99
10.09
9.922
9.816
9.983
9.775
10.019
9.89
10.192
10.005
9.958
9.897
9.933
10.087
10.003
10.201
9.982
9.999
10.085
9.963
10.036
9.951
10.083
9.796
10.105
9.852
10.038
10.201
10.114
9.935
9.966
10.182
9.956
9.97
9.945
10.123
10.271
9.909
9.988
10.162
10.014
9.99
9.843
9.982
9.921
9.926
9.909
9.896
9.89
10.041
9.993
9.922
10.007
9.984
10.229
10.203
9.906
9.993
10.152
9.924
9.986
9.864
9.982
9.871
10.039
10.069
10.021
10.148
9.912
9.976
10.049
10.061
10.078
9.815
10.093
9.914
9.881
9.975
9.81
10.004
10.155
9.991
9.961
9.976
9.903
9.921
10.067
9.949
10.117
10.025
10.145
9.963
10.017
9.953
9.994
10.02
10.024
9.724
10.019
10.252
9.985
10.052
10.095
9.995
10.004
9.983
9.987
9.93
10.06
9.963
9.837
9.954
10.038
10.117
9.911
10.076
10.078
9.827
10.051
10.12
9.886
9.877
10.141
9.98
9.98
9.878
10.1
10.028
10.005
9.746
10.106
10.02
10.02
10.162
9.937
10.042
9.934
9.974
10.16
9.672
9.938
10.067
9.947
9.984
9.965
10.046
10.035
9.936
10.015
10.009
9.938
9.806
9.96
9.947
9.898
9.941
9.92
10.074
9.931
10.022
9.948
10.024
10.158
10.051
9.99
10.03
9.94
9.991
10.112
10.116
10.095
10.09
10.093
10.1
9.972
10.145
9.989
9.986
9.713
10.115
9.984
9.957
9.898
10.039
9.954
10.205
10.013
10.021
9.844
10.097
9.898
10.018
10.03
9.976
9.784
10.102
9.882
10.111
9.871
9.826
10.038
10.029
10.084
10.035
9.959
10.011
9.909
10.026
10.215
10.211
10.101
9.893
10.139
10.152
10.027
10.01
10.049
9.931
10.052
10.012
9.976
9.994
10.096
9.882
9.955
9.938
10.001
9.931
9.967
9.908
9.776
10.006
9.736
10.024
10.206
10.122
9.936
9.987
10.056
9.947
9.922
10.084
10.148
9.964
10.139
10.066
9.998
10.061
10.017
10.059
9.861
10.051
10.037
9.769
9.992
9.992
10.119
10.13
10.148
9.97
10.02
10.103
9.966
9.771
9.995
9.961
10.059
9.979
10.048
10.243
10.107
9.871
9.997
10.098
9.776
9.909
10.096
9.852
10.066
10.046
10.142
9.82
9.949
9.774
10.056
10.002
10.106
10.042
10.212
9.993
10.02
9.983
9.979
9.876
9.813
9.776
10.071
9.971
9.99
9.952
10.039
9.982
10.078
10.019
9.965
10.301
9.93
9.936
10.087
9.958
9.961
9.954
9.947
9.987
10.014
10.012
10.189
9.995
10.027
10.133
9.934
9.999
9.916
9.939
10.056
10.092
9.927
9.797
10.155
9.983
10.087
10.145
10.209
10.066
9.915
10.023
10.128
9.936
9.996
9.862
10.07
10.079
9.936
10.041
10.003
10.117
10.08
9.935
9.904
9.87
9.831
9.898
9.986
10.2
10.056
9.931
9.967
9.831
10.074
9.827
10.042
10.158
10.254
10.012
9.923
9.796
10.17
9.924
9.914
9.755
9.945
10.0
10.061
10.095
9.967
9.965
9.923
9.957
10.059
9.975
9.977
9.954
10.09
10.021
9.838
10.125
9.933
9.987
10.169
10.075
9.906
10.091
10.022
9.991
10.139
10.028
9.96
9.975
9.751
9.911
9.99
10.091
