9.9562
9.9491
9.9972
9.9877
9.9904
9.9812
10.0101
10.0257
10.0219
10.038
10.0332
10.033
9.9975
10.024
9.9957
9.9811
10.0507
10.0214
10.0411
10.0369
10.0223
9.9683
9.9897
9.9895
9.9382
9.9441
9.9636
10.0279
9.9447
9.9724
9.9538
9.9588
10.0097
9.998
9.9883
9.9874
9.9793
9.9808
10.0016
9.998
10.0026
9.9799
9.9947
9.9936
10.0499
9.9899
9.9841
10.0043
10.0483
10.0173
9.995
10.0127
10.0591
9.9963
9.957
9.9878
9.9997
10.0188
9.9942
10.0143
9.991
10.0118
10.0772
10.0232
10.0112
9.9812
10.0349
10.05
10.0644
9.9576
10.0609
9.9963
10.0221
10.0184
10.0146
9.9994
10.0146
10.0006
10.0075
10.0112
10.0011
10.0128
9.9816
10.0528
9.9609
9.9905
10.0474
9.9828
10.0401
10.044
10.046
9.9878
9.9486
10.0544
9.951
9.9981
9.9736
10.0276
10.0279
10.013
10.0063
10.0277
10.0145
10.0181
9.9912
10.0569
9.9623
10.0278
10.0023
10.0015
10.0065
9.9661
9.9383
10.0134
10.0223
9.9683
9.9592
9.961
10.0048
9.9335
9.9482
10.0632
10.0079
9.9874
10.0549
10.0034
10.0556
10.0057
9.9634
9.9869
10.0117
9.9181
9.9832
10.0298
9.9943
10.0057
9.9906
9.9795
10.02
10.0186
10.0158
9.9751
10.0316
9.9854
9.9799
9.9952
9.9723
10.0259
10.0369
9.9937
10.0399
9.9875
10.0005
10.0307
10.0192
9.9743
9.9767
10.0036
9.9233
10.0095
9.9964
10.0592
10.013
9.9422
9.9474
9.992
10.0067
9.9592
9.9918
10.0775
9.9747
9.9751
9.976
10.0139
9.9585
10.0128
10.0074
10.0614
10.0037
10.0123
10.0072
10.0174
10.0095
10.0038
9.9849
10.0325
10.0403
9.9659
10.002
9.9831
9.9811
9.9932
9.9699
10.0074
9.9732
10.0359
10.0291
9.993
9.9997
10.0343
9.9801
9.9453
10.0134
10.0052
10.0211
9.964
9.9786
9.9679
9.9719
10.0122
9.9544
10.0019
9.9668
10.0454
10.0089
9.9556
10.0049
9.9773
9.999
9.9588
9.9856
10.0445
9.9713
9.9486
9.9679
10.0279
9.9959
9.948
9.9454
9.988
9.9557
10.0641
9.9994
9.9906
9.9828
10.0712
10.0149
9.984
9.9706
9.9791
9.9928
10.0105
9.9872
10.0401
10.0061
9.9764
10.0325
10.0077
10.0639
9.9934
9.9596
9.9805
10.0307
10.028
10.012
9.9985
10.001
9.9591
10.0524
9.9854
9.9858
9.9947
9.9599
9.9948
10.0704
9.9971
10.0215
10.0115
10.0077
9.9982
10.0226
10.0066
10.0125
9.9719
10.0276
10.0298
9.9763
9.9878
9.9782
9.9725
10.0128
10.0532
9.9523
10.0048
9.9849
9.9669
10.0513
10.0104
10.01
10.0188
10.0188
9.9483
9.9534
10.0331
9.9986
10.0198
10.0258
9.9326
9.9774
9.9813
9.9748
9.9656
10.0384
9.9582
10.0219
9.9949
10.0076
10.0686
9.999
9.9906
9.9925
9.9722
9.9935
9.9492
9.9656
9.9668
10.0195
9.9914
10.0247
10.001
10.0073
9.951
9.9656
10.0192
9.9612
10.0295
9.9843
9.9893
9.9518
9.9338
9.9502
10.0205
10.031
10.0373
10.0489
9.9833
10.0252
9.9766
10.0398
10.0454
10.0265
10.0032
9.9813
10.0386
10.0218
10.0148
9.9771
10.0244
9.9604
9.9928
9.9939
10.0346
10.0044
10.0034
10.0027
9.9979
10.0
10.0235
9.9958
9.9928
9.9604
9.9667
10.047
10.0171
9.9777
10.0209
10.031
10.0576
10.0051
10.0224
9.9904
10.0267
9.9667
9.9848
10.0487
10.0251
9.9922
10.0613
9.9997
10.0676
10.0147
10.0077
9.9433
9.9811
9.9617
10.0323
9.9443
10.0068
9.9638
10.0062
10.0362
10.0081
9.9796
9.9937
10.0226
9.9608
9.9672
10.0295
9.9744
9.9967
10.0086
10.0168
10.0102
9.9706
9.9832
9.9961
10.0415
9.9328
9.9585
10.0848
10.0396
10.0174
9.983
10.0353
10.0472
9.9784
10.0017
9.9721
9.9645
9.9734
10.0205
9.9708
9.9818
9.9958
9.9812
9.9965
9.9743
9.9967
9.9846
9.9712
10.0026
9.9866
9.9579
9.9607
10.0119
10.0109
10.0436
9.9936
9.9891
9.9835
9.9873
10.0019
10.0196
9.977
10.0271
10.0262
9.9518
10.0036
9.9622
9.9772
9.9921
9.9979
10.0297
9.9761
9.9879
9.967
9.9525
10.023
9.9921
10.0505
10.0286
9.9487
10.0091
9.9486
9.9752
9.979
10.0533
10.0626
10.0493
9.9863
10.051
10.0128
9.9594
9.9856
10.0841
10.0407
9.9977
10.0531
9.9521
9.989
10.046
9.9764
9.998
9.9332
10.0039
10.0545
9.9605
9.9948
9.9879
10.0532
10.0234
10.0686
9.9698
9.9978
10.0151
10.0261
10.0353
9.9553
10.0395
9.986
10.0194
9.9945
9.9719
10.0397
10.0505
10.0374
9.9441
10.0136
10.0247
10.0203
10.0012
9.9841
9.9852
9.9722
10.057
9.9648
10.011
9.9472
9.9894
9.9713
10.0149
9.9947
9.9929
10.0288
9.9721
9.957
9.9996
10.038
9.9682
10.0201
9.982
9.9958
10.0304
9.9903
10.0271
10.0409
9.9594
10.017
9.9998
9.9749
9.9709
9.9849
9.9994
9.9799
10.0416
9.9753
10.0353
10.0027
10.0411
9.9532
9.9682
9.9918
9.991
10.0933
9.9899
10.0051
10.0022
10.0006
10.0026
9.9976
9.9934
10.0018
10.017
10.0043
9.9847
10.0156
10.0024
10.0396
10.0209
9.9748
10.0278
9.932
10.0275
9.9949
9.9885
9.9811
10.0283
9.9934
10.0268
9.9422
10.0005
9.9951
10.0194
10.0095
9.9947
10.0424
9.985
10.0192
9.9659
10.0103
9.9889
9.9908
9.9721
9.9778
10.0091
9.9781
9.9463
10.0032
9.9925
10.0284
10.0325
9.9413
10.0324
9.9638
9.9647
10.0016
10.0062
10.0021
10.0189
9.9601
10.0657
10.0081
9.9928
9.984
9.9419
9.9962
10.0047
9.9964
10.035
9.9835
9.9909
9.9681
9.9897
10.0379
10.0349
10.0122
10.0356
10.0291
10.0368
9.9336
10.0376
10.0471
10.0601
10.0189
9.9471
10.0185
9.9871
10.0179
10.0525
10.0005
9.9633
9.9772
10.0541
9.9717
9.9976
9.9885
10.0179
9.9728
10.011
9.9547
9.9665
10.0
10.031
10.004
9.9364
10.0767
9.959
9.9773
9.9622
10.0182
9.9959
10.0338
9.9641
10.0272
10.0077
10.0123
10.0194
10.0327
10.0016
9.9981
9.9991
9.9744
10.033
10.0292
10.055
10.0143
10.0027
10.0161
10.0263
9.9916
10.0275
10.0219
9.9741
9.9694
10.0988
10.0282
10.0063
9.9795
9.9757
10.0409
10.0103
9.9454
10.022
9.9902
10.0266
10.0405
9.9824
10.0008
9.9563
9.9722
9.989
10.0287
9.9753
10.0097
10.0025
9.9941
9.9528
10.0073
9.9949
10.0096
10.0091
10.0005
10.0381
9.9738
9.9824
9.959
10.0081
10.0412
10.0043
9.9824
9.9804
10.0312
9.9929
9.9854
10.0086
9.9707
10.0653
9.9193
9.9675
9.9542
9.9893
9.9856
10.0138
9.9974
10.039
10.0242
10.037
9.9919
9.9649
10.0037
9.9687
10.0349
10.008
10.0133
9.9467
9.9823
10.0204
10.0178
9.998
9.9375
9.9901
10.02
9.98
9.9761
9.9819
10.0095
9.9704
9.9719
9.988
9.9873
9.9836
9.9873
9.9885
10.017
9.9792
9.9396
9.9483
9.9948
10.0006
10.0241
9.945
9.9902
9.9917
10.0021
10.0164
9.9462
9.9809
10.083
9.987
9.9761
9.9434
10.0759
9.9583
10.0292
10.0181
9.9886
9.9386
10.0072
9.9731
10.0475
10.024
9.9845
9.9756
10.0518
9.9736
9.995
10.0102
10.0822
9.9977
9.988
10.0238
10.0298
10.0381
10.0011
9.9958
10.0462
9.9939
10.0367
10.0435
9.9463
9.9926
9.9515
9.9301
9.9918
10.0245
9.9875
10.015
10.0414
9.9971
10.0485
9.9945
9.9841
10.0233
9.9863
9.9279
9.9832
10.0258
10.0122
9.9985
10.0033
9.906
10.0067
9.9655
9.9738
10.0
9.9611
9.9851
10.0004
9.9895
9.993
10.0409
9.9942
10.0103
10.0338
10.0066
9.9891
9.9729
10.0048
9.9649
10.0346
10.0478
10.023
10.013
10.0363
10.0113
9.9801
10.0161
9.992
10.0293
10.0102
9.9797
10.0165
9.9691
10.0336
10.0063
10.0286
10.0083
10.0355
10.0352
9.96
9.9597
9.9955
9.971
9.9777
9.9508
10.0085
9.9641
10.0557
9.9726
9.9832
9.9966
10.0165
9.9766
9.9475
10.0202
9.9648
9.997
9.9601
10.0248
9.9922
10.0181
9.983
10.0077
9.9773
9.9778
9.9779
9.9601
9.9956
9.9887
10.0546
10.0402
9.9753
10.0418
9.9748
9.9892
9.9683
10.0243
9.9571
9.986
10.0141
10.0257
10.0214
10.0233
9.9661
9.9756
9.9874
9.9902
9.9801
10.0319
9.9727
10.0176
10.0394
10.0126
10.0266
9.9895
10.0111
10.021
10.0143
9.9567
9.9864
10.0039
10.0405
9.9713
10.0416
10.039
9.9885
10.0067
10.0373
9.9506
9.9815
10.0323
10.0326
9.9782
9.9879
9.9945
9.9613
10.0245
9.9861
9.9712
10.0159
10.0154
9.9824
9.9861
10.0114
10.0177
9.9576
10.0147
9.9645
10.0186
9.9921
9.9457
10.024
10.0272
10.0328
9.9323
10.0248
10.0128
9.9716
10.0027
10.004
9.9808
9.9981
9.9984
9.9906
9.9681
9.9665
10.0573
10.0054
9.9987
9.9649
10.0444
10.0342
9.946
10.002
10.0364
10.028
10.0
9.9802
10.0137
9.9449
10.0189
10.0237
10.0097
10.0284
9.9615
10.0072
9.9693
9.9933
10.0235
9.9858
10.0432
9.9677
10.0104
9.9963
9.9754
9.9969
10.0206
9.9693
10.0014
9.9741
9.9697
9.9807
10.038
9.975
10.0067
10.037
9.9834
10.0091
9.9595
10.0267
9.9962
9.9938
9.9637
9.9602
9.9681
9.995
9.9236
10.0352
9.9734
9.962
9.9628
9.9672
9.9828
9.9838
10.0137
10.0168
10.048
9.9925
10.0079
10.0029
9.9787
10.0442
10.0189
10.0318
10.0363
10.0394
10.0288
9.9994
10.0155
10.029
10.033
9.9934
9.9982
9.9859
10.0069
9.9972
10.0224
10.0471
10.0146
9.9873
10.0291
9.9662
10.0092
10.0027
9.9778
10.0285
9.9551
9.9749
9.9696
10.0384
10.0723
9.9741
9.9931
10.0337
9.9636
9.9703
10.0011
10.009
10.0191
9.9785
10.0217
9.9977
9.9866
10.0478
9.9889
9.9319
10.0144
9.9905
10.0196
10.033
9.9797
9.9624
10.0163
9.9553
9.986
9.975
10.0547
9.927
9.9577
10.0258
10.0498
9.9664
9.971
10.0159
10.0204
9.9828
10.0242
9.9711
9.9837
9.9991
9.961
9.9399
10.0563
9.9711
9.9606
10.0095
9.9779
10.0062
10.0414
9.9908
9.9589
9.9854
9.9734
10.0115
9.9952
9.9598
9.9659
10.0186
9.9685
10.0277
10.0036
9.9335
10.0072
9.9493
10.0393
9.9849
10.0069
10.0036
9.9841
9.9732
10.0001
10.0212
9.9852
9.9408
9.9986
10.0397
9.966
10.0205
9.9788
10.0257
10.002
10.015
9.9922
9.9974
9.9482
9.9991
9.9636
9.9624
9.9867
9.9427
9.9922
9.9486
9.9938
9.9875
10.0647
10.0315
9.9922
10.0409
10.0182
10.0018
9.9447
9.9795
9.9887
10.0208
10.0299
10.0237
9.9732
10.0247
10.0128
9.9603
10.0036
9.9851
9.9547
9.9895
10.0594
10.0522
9.9381
9.9774
9.9884
10.0054
9.974
10.0102
9.9932
10.0296
10.0303
10.0124
10.0099
10.0628
9.9393
10.0306
10.0148
10.0104
9.9771
10.0
9.9884
10.0439
9.97
10.0344
10.0139
9.9799
10.0123
10.0382
10.0449
10.0126
10.0075
9.9741
10.0612
9.9932
10.0099
10.0516
10.0144
10.0173
10.0104
10.0236
9.999
10.0251
10.0155
10.0276
10.0043
9.9889
10.0117
9.9618
10.0167
10.0193
10.0466
9.9947
9.9745
9.9858
9.9736
10.0076
9.9918
10.0088
9.9953
10.0227
10.0119
10.0046
10.0184
10.011
10.0103
9.9213
9.9422
9.9637
10.0108
9.9608
9.9974
10.0197
10.0122
10.0502
9.9384
9.9703
9.9808
10.0124
10.0067
9.9248
9.9624
10.0015
9.8933
10.0182
9.9636
10.0219
9.9914
10.0138
10.0596
10.002
10.0142
9.9916
10.0086
10.0043
9.9803
10.0463
9.9689
10.0007
9.9778
9.9112
10.0131
10.0048
9.9889
10.0081
9.9606
10.0008
10.0305
9.9833
10.029
9.9772
9.9723
10.0415
9.9667
9.9372
10.0126
10.0397
9.9908
9.9373
9.9914
9.9742
9.9905
9.9981
10.0036
10.0119
10.0017
9.9721
10.0366
10.0488
9.9903
9.964
10.0225
10.0278
9.9985
10.0123
9.9855
9.9829
10.0391
10.0654
10.0205
9.9431
9.9961
10.0483
10.0012
9.9364
9.9705
9.9818
10.021
10.0063
9.9943
9.939
10.0336
9.9885
9.9637
10.0329
9.9575
10.0189
10.0516
10.065
9.9795
10.0115
9.9469
10.0424
10.0541
10.0494
10.0308
10.055
10.0191
10.0129
10.0048
10.039
10.0215
9.974
10.0313
10.012
10.0152
9.9894
10.0243
10.0121
10.0042
10.0285
10.0095
10.0079
10.0325
10.0323
9.9566
10.0511
10.0136
10.0444
10.0078
9.9766
9.9772
10.0648
10.0033
9.974
10.0645
9.9781
10.0111
9.9956
9.9489
9.9701
9.9898
9.9678
10.0595
10.0114
10.0024
10.0153
10.0108
10.0003
9.9967
9.9644
10.0087
10.0118
9.9983
9.9772
9.9421
9.9481
10.0434
10.0468
10.0306
9.9329
9.9757
10.015
9.9829
10.0621
10.052
10.0165
9.9295
9.934
10.0116
9.9689
9.9848
9.9811
10.0275
9.9586
9.9806
9.9701
9.9901
9.9299
10.0005
10.0562
9.9778
9.9839
10.0057
10.0236
10.0376
9.9629
10.0296
10.037
10.0622
10.0397
10.0123
9.9842
9.9648
10.0465
10.0063
9.9701
10.011
10.0124
10.0196
9.9435
9.9956
10.0179
10.0003
10.0321
9.9012
9.9793
9.9318
9.9912
9.9901
9.9555
9.9695
9.9746
10.0346
10.0082
9.9782
9.9759
9.9983
10.0112
10.0046
9.9714
9.9176
9.9624
10.0637
9.9983
9.9959
10.0049
10.0197
9.9977
9.9723
9.9483
9.9141
9.9787
10.0325
10.0432
9.9983
9.9841
9.9674
9.9511
9.9997
9.9555
9.9675
10.0159
10.0279
10.015
9.9966
9.9876
9.9833
9.9989
10.0352
9.9519
9.9649
10.0305
9.9558
9.9786
9.9876
9.9443
10.024
9.9736
10.0357
9.94
9.9501
9.9918
10.0156
9.9948
9.9631
10.0073
9.9753
9.966
10.0204
9.9749
9.9675
10.0057
9.9712
10.0261
10.0017
10.004
9.9751
9.954
9.9277
9.9888
9.9878
9.9539
10.0083
9.975
10.0226
9.9892
9.9995
9.9971
9.9995
9.9529
10.0263
9.9513
10.005
10.0396
10.0134
10.0565
9.9825
10.0152
10.011
9.9458
9.9892
10.0267
9.9984
10.0163
9.984
10.0205
10.001
10.0116
10.012
10.001
10.001
10.0098
10.0092
10.0197
9.9644
10.0579
9.9962
10.0003
10.0769
10.022
9.9791
9.9681
10.0124
9.9773
9.9968
10.0548
10.0053
10.0613
9.9599
9.9675
9.9991
10.0162
10.0077
10.0327
10.0293
10.0106
9.9505
9.9636
10.0278
10.0073
10.0144
10.028
10.0001
10.0145
10.0024
10.0366
9.9743
9.9966
10.011
10.0164
9.9691
10.0566
9.9947
10.0466
9.9796
9.9748
9.9726
10.0223
10.0743
9.9652
9.9276
10.0091
9.9947
10.0274
9.983
10.0261
10.0084
9.9525
10.0155
10.0073
10.0023
10.0285
9.9357
9.9408
10.0063
10.014
9.9927
10.0225
9.9869
10.0332
10.0294
9.9845
9.9979
9.9478
10.0298
10.0115
9.9628
10.0159
9.9801
9.9375
9.9865
9.9765
9.9942
9.9808
9.9997
10.0372
9.9381
10.0023
9.9525
9.967
9.9963
10.029
9.9521
9.9845
10.0071
9.9792
10.0329
9.9861
9.9862
9.9829
9.9478
9.9918
9.9787
9.9693
10.0132
10.0161
9.9896
10.0257
9.9565
10.0782
10.0202
10.0164
9.9696
9.9982
10.0327
10.0154
9.9829
10.035
9.9653
10.0001
9.9393
9.9662
9.983
9.99
9.9947
10.0386
9.9885
9.9835
9.9848
10.0139
9.9778
9.9702
10.0155
10.0033
9.9883
9.9892
10.0177
9.9093
9.9991
9.9602
9.9946
10.0039
9.9918
9.9772
9.9937
10.0486
10.0079
9.966
9.9731
9.9747
9.9893
10.0237
9.9959
9.9765
9.9726
9.983
10.0332
9.978
10.0072
9.9989
10.049
9.9897
9.9877
10.0534
9.9779
10.0053
9.9841
9.9849
10.0636
9.9964
10.0419
9.9851
9.9827
10.0662
9.9783
10.022
9.9467
9.9698
9.9792
10.0389
10.0078
10.002
10.0472
9.9586
10.0192
9.9989
9.9951
9.9732
9.99
10.0282
9.9713
10.0169
9.9418
9.987
9.9204
10.029
10.0647
10.0332
10.0447
10.0317
10.0275
10.0089
10.0343
10.0163
9.9577
9.9689
10.0361
9.9601
9.9936
9.9941
10.0215
10.0263
10.0278
10.0431
10.0283
9.9516
10.0022
9.9748
10.0446
9.9945
10.0107
9.9399
9.9907
9.9679
10.0384
9.9848
10.0317
9.9356
9.9196
9.9888
9.9928
9.9744
10.0007
9.9782
10.0137
10.0034
9.9882
9.9885
10.0096
9.9739
10.0197
10.0191
10.0078
10.0179
10.0423
10.0299
10.0163
10.0783
10.0059
9.9981
9.9649
9.9585
9.9697
9.9615
9.9783
9.9128
9.9451
9.974
10.0365
9.9756
9.9906
9.9838
10.0146
9.9747
10.0113
10.0723
10.031
9.9839
9.9693
9.9826
9.9643
9.9523
9.9928
9.9917
9.9599
10.0036
9.9753
9.9486
9.9906
9.9645
10.017
10.0077
10.0138
10.0619
10.0396
9.949
10.0097
9.9505
9.9996
9.9903
10.0074
9.9883
9.9521
10.0298
9.9862
9.9878
10.0298
9.9972
10.0633
9.9859
9.9796
10.0355
10.0107
9.9743
9.9295
9.9972
9.9572
9.9963
10.0031
9.9981
10.0148
10.0044
10.0431
10.0353
9.9594
9.9943
9.9888
10.0042
9.9866
10.0504
10.0011
9.9702
10.0112
10.0118
9.9433
9.9848
9.9648
10.0325
9.9966
9.986
10.0091
9.9846
9.9982
9.9983
9.9776
10.0306
10.0036
9.9643
10.0413
10.0308
9.9979
9.9617
10.0075
10.0182
9.9577
10.0159
9.9963
9.958
9.9803
10.0184
10.0557
10.0515
10.0222
9.9829
9.993
9.9587
10.0428
9.9952
10.0085
10.041
9.9874
9.9596
9.999
10.0058
9.9811
9.9809
9.9737
9.9893
10.0126
10.0015
10.019
10.0308
10.0182
10.0118
10.0097
9.9949
10.0192
10.0091
10.0625
9.9785
9.9918
9.9621
10.0074
10.0803
10.0281
10.0299
9.9729
10.025
10.0339
10.0095
10.0508
10.0244
10.0347
10.0323
10.0247
10.0198
9.9615
10.0126
9.9919
9.9939
9.9985
9.9493
9.9842
10.0181
10.0433
10.0644
10.0337
9.9876
9.9988
10.0726
9.9501
10.0245
9.98
9.9977
9.9967
9.9542
10.0239
10.0289
10.0272
9.9726
10.0154
9.9943
10.0227
9.9808
10.0254
10.0201
9.9418
10.0193
9.9862
10.0029
9.941
9.9716
9.9942
9.9633
9.9993
10.0367
10.013
9.9337
10.0388
10.0156
9.95
9.995
10.0187
9.9925
9.9698
9.968
9.9732
10.0228
9.9959
10.0134
10.019
10.0295
10.0198
10.0015
9.9576
10.0286
9.9565
10.0246
10.0232
9.9919
10.0084
10.0541
9.9902
9.9402
9.9952
9.9299
10.0597
9.9879
9.9623
9.97
9.9706
9.9532
9.9991
10.0159
10.0189
9.9681
9.944
9.9752
9.9759
9.9837
9.9943
10.0575
10.0599
10.0293
9.9824
9.9735
10.0288
9.9861
10.056
9.9537
9.967
9.9801
9.9852
10.0255
10.0095
10.0331
9.9987
10.0122
10.0005
10.0239
10.0124
9.9475
10.0493
10.0335
9.9612
10.0204
10.0088
9.9733
10.0141
9.9438
10.0482
9.9741
9.9208
9.9977
10.0345
9.9982
10.0189
9.9969
10.0161
10.0266
10.0168
10.0285
9.9808
9.9599
9.9896
9.9845
10.0585
9.9519
10.0417
10.0055
10.0349
9.967
10.0201
9.9871
9.9554
9.9995
10.0058
9.9589
10.0473
10.0386
9.9992
9.9877
10.0107
9.985
10.0635
10.0127
9.9783
10.0241
10.05
10.0077
9.9227
9.9867
9.9408
10.0139
9.9782
10.0261
10.0516
10.0299
9.9916
10.0304
10.0047
9.9999
9.9948
9.9942
9.9748
10.0197
9.9479
10.0401
10.06
10.0057
9.9733
9.964
10.017
9.9876
9.9533
10.0071
10.02
9.9608
9.9721
9.9638
10.0267
10.004
10.0772
10.0122
10.0546
10.0257
10.0216
10.0473
10.0237
10.0027
9.993
10.0241
10.0094
9.9937
10.0363
9.9612
10.0397
9.9702
10.0428
9.9976
10.0572
9.9569
9.9807
9.9854
9.9941
9.9628
10.0125
9.9719
10.0614
10.0375
9.9848
9.9807
10.0166
10.0123
10.0058
10.0241
9.9757
10.0048
10.0027
10.0358
10.0142
10.0036
10.0093
9.996
9.9955
10.0248
10.032
9.9822
9.9567
10.0488
10.0327
10.0159
9.9867
10.019
10.0371
10.0311
10.029
10.0052
10.0214
9.9887
10.04
9.9845
9.9712
10.015
9.9879
9.9705
10.0346
9.9875
10.0244
9.9708
9.9771
9.9852
9.9978
9.9975
9.9993
10.0149
10.022
9.9909
9.9643
9.9637
9.9783
9.9935
9.9295
10.027
10.0367
10.0094
9.9945
9.9523
10.0065
9.9789
10.0253
10.0343
10.0187
9.9897
10.0182
10.0083
9.9815
10.0255
9.9987
10.0743
9.972
10.0199
9.996
9.9573
9.9358
10.0081
9.9962
9.9856
9.9917
10.039
10.0327
9.9839
9.9785
10.0019
10.0223
9.9927
10.0334
10.0039
10.0306
9.9722
10.0287
9.9449
10.0033
10.0519
9.9166
9.995
10.0466
9.9966
9.9861
10.0101
9.9922
9.9195
10.052
10.0084
9.9516
10.0485
9.9648
9.9992
9.9762
9.9487
9.9985
10.0573
10.0194
9.9765
10.0774
9.9354
9.9757
10.0345
10.0352
9.9585
9.9693
9.9797
10.0467
10.0202
10.0215
9.9473
9.9902
10.003
10.0091
9.9615
9.9967
9.9899
10.009
9.946
9.9908
9.9862
10.0838
9.9817
9.9764
10.0169
9.9529
10.0016
9.9582
9.9736
9.9633
9.9978
10.0255
10.0186
9.9466
10.0402
9.9467
10.0194
9.9991
10.0213
10.0074
10.0283
9.9666
9.9889
9.9836
9.993
10.0334
9.9827
9.988
10.0167
9.9921
9.9584
9.9686
9.9907
10.0145
10.0236
9.9943
9.9821
9.985
10.0026
10.0438
9.971
9.9995
9.9657
10.0109
10.0202
9.9682
9.9866
10.0042
10.0478
9.9625
9.9927
9.9857
9.9863
10.0429
9.9499
9.989
9.9867
9.9396
10.0206
9.9701
10.0119
9.9156
10.0195
10.0109
9.9827
9.9815
9.9757
10.0552
9.9784
9.9739
9.8983
9.9204
9.9845
9.9992
10.0114
9.9795
10.033
10.0086
10.0339
10.0117
10.0576
9.98
10.0044
10.0134
10.021
10.0049
9.9636
9.9867
9.9982
9.9801
10.0108
10.055
10.0578
10.0104
9.9512
10.0275
10.0498
9.9672
9.9473
10.0045
10.0179
9.9556
10.0395
10.0202
9.9805
10.0471
9.9678
10.0123
9.9869
9.9655
9.9955
10.027
9.9734
9.9834
9.9551
9.9296
10.0035
9.9777
9.9526
10.0703
10.0143
10.0554
10.0131
10.0227
10.0643
10.0313
10.0398
10.0473
9.9601
10.0157
10.0136
10.04
10.0445
10.0106
10.0033
9.9343
10.003
10.0198
9.971
10.0269
9.9728
9.9633
10.0006
10.0182
10.0021
9.9794
10.001
10.0207
9.9657
9.9609
10.0141
9.9649
10.003
9.9887
10.0263
9.961
9.9758
10.0047
9.9649
10.0031
9.9937
9.9742
9.9744
10.0616
9.9803
9.9325
10.0054
9.9935
10.0196
10.0472
9.9854
9.9811
9.9542
10.04
10.0192
9.9762
9.9953
10.0155
9.9465
10.023
9.9524
9.9727
10.041
9.9723
10.0292
9.9482
9.9835
10.0174
10.0132
9.971
10.0155
10.0247
9.9774
10.0491
9.9807
10.0438
10.0098
10.0309
10.0208
9.9789
9.954
9.993
9.9879
10.0314
10.0131
9.9586
10.009
10.0234
9.9894
9.9739
9.9368
10.0222
10.0688
10.0368
10.0113
10.0396
9.9921
9.9789
10.003
10.0177
9.9898
10.0251
10.0024
10.0034
9.9569
9.9504
9.959
9.9826
10.0518
10.0241
10.003
10.0534
9.9683
10.0274
9.979
9.9823
10.0046
9.9731
9.9995
10.0039
10.0638
10.0181
10.0543
10.0424
10.0144
10.0042
9.9859
9.9758
10.0024
10.0296
9.9668
9.946
9.9951
10.053
9.9901
9.9606
9.9472
9.9979
10.0126
9.979
10.0287
9.9897
10.0098
9.9661
9.9993
9.9806
9.9856
9.9921
10.0241
9.9804
10.0385
9.9521
10.014
10.0551
10.0097
10.0008
9.9889
10.0003
10.0296
10.04
10.0045
10.0299
10.0379
9.9934
10.0252
10.0673
9.987
10.0017
9.9988
10.0213
9.9582
10.0133
9.9635
9.9892
9.9595
9.9937
9.9955
9.9608
9.9961
9.99
10.0102
10.0118
10.0088
10.0234
10.033
10.0224
9.9837
10.0056
9.9825
9.9783
10.0399
9.9439
9.991
10.0117
9.9727
9.9888
9.963
9.9463
10.0315
9.9825
9.9868
9.9582
9.9926
9.973
10.0136
10.0441
9.9347
9.9791
9.9927
10.038
10.0341
10.0201
10.0138
9.9623
9.995
10.0031
9.9804
10.0173
10.0158
10.0022
10.0196
10.007
10.0211
10.0132
9.9809
9.99
9.9996
9.9885
10.0731
10.0407
9.9964
9.9952
9.9775
9.9471
10.0095
9.9821
10.013
9.9802
9.9828
9.9804
9.9949
10.0737
9.982
9.9806
10.0331
9.9767
9.9661
9.951
10.013
10.0266
10.0535
10.0479
9.9833
10.0079
10.0358
10.0272
9.969
10.0126
9.9543
10.0042
9.9833
10.0029
9.9709
10.0064
9.9477
10.0314
9.9729
9.9531
9.9998
9.9838
9.9696
10.0103
9.9549
10.031
9.9744
9.9987
9.9861
9.9826
9.9614
9.9883
10.0232
10.0254
9.9982
10.0301
9.972
10.0206
10.0133
9.9884
10.0661
9.9623
10.0045
10.0274
9.9719
10.0164
9.9744
10.0107
10.0272
9.9862
10.0046
10.0031
9.9716
10.0373
10.0174
9.9605
10.0416
9.9882
9.9884
10.0108
10.0192
9.9786
9.971
10.0079
10.0395
9.9932
9.9888
10.0066
10.043
9.9882
9.9473
10.0288
9.976
9.9835
10.0016
9.994
9.9224
9.9908
10.0222
10.0385
9.9606
10.0526
9.9983
9.9837
10.0198
10.012
10.0182
10.0133
9.9902
9.9699
9.9785
9.9563
9.9672
9.9947
9.9894
9.9796
10.0228
9.9615
10.0302
10.0385
9.9727
9.9894
10.0307
10.0028
9.9627
9.9995
10.0444
9.9748
9.9526
10.0083
9.9873
10.0081
9.9945
10.0317
10.011
9.9956
9.9769
10.0062
10.0058
9.9992
9.9873
10.0603
9.9957
9.9899
10.0047
9.9699
9.9589
9.9867
10.0397
10.011
9.9957
10.0306
9.9852
10.0023
10.0004
10.0283
9.9989
10.0293
9.9705
9.9494
9.9976
9.9717
10.0322
10.0199
9.9934
9.9315
10.0336
9.9735
9.9491
10.0356
9.9916
10.0036
10.0118
9.9965
9.9906
10.0016
10.0685
9.9527
9.966
10.019
9.9956
9.9637
10.0073
10.0118
9.97
9.9664
10.0215
10.0294
10.0141
9.9844
10.0248
9.9989
9.9861
10.0249
9.9912
9.9814
10.0018
10.0567
10.0087
9.979
9.8979
9.9999
9.9844
9.9743
10.0199
9.9701
9.9652
9.9935
10.0209
9.9739
10.0186
10.062
9.9413
9.9429
9.9944
9.9743
10.0045
9.9808
9.9654
10.0059
9.9623
10.0213
9.9901
10.0017
9.9611
10.0649
9.9583
10.0075
9.9756
10.0165
9.9805
10.0571
9.9661
10.0257
9.9783
10.0162
10.01
10.0081
10.0074
10.0395
9.9935
9.9652
10.0945
10.0192
10.0492
9.953
10.0214
10.0085
10.0493
10.0202
10.0364
10.0078
9.9949
9.9804
10.0344
9.9986
10.0115
9.9839
9.9889
10.0411
10.019
9.9873
10.0093
10.0702
9.993
9.9572
10.0121
9.9981
10.0565
9.9908
10.0344
10.0616
10.009
10.0316
9.9793
10.0689
9.98
10.0405
10.0215
10.0226
10.0083
9.9509
9.982
9.9435
10.0178
9.9718
9.9857
9.9887
10.0011
10.0276
9.9869
9.9956
9.9525
9.9889
9.9295
10.0162
9.9885
9.9995
9.9428
9.9675
10.0057
9.9351
9.9908
10.0027
9.9865
9.9824
10.025
9.9275
9.9564
10.0636
9.973
10.0306
10.0057
9.9992
10.032
9.9977
10.015
9.9829
9.9767
10.0296
9.9996
9.9305
9.9996
9.9729
10.0329
9.9983
9.9757
10.0183
10.0494
10.0039
10.007
9.9995
9.9702
9.9919
9.9825
10.0046
9.9721
9.978
9.9754
9.981
10.0279
10.0222
9.9652
9.9389
10.0482
10.0314
9.9901
10.0278
9.9701
9.9715
10.0035
9.9157
9.9953
10.0365
10.0062
10.0292
10.0161
9.9996
10.0338
10.0387
10.0197
10.0347
9.9967
10.0658
9.9707
10.0172
10.0086
10.0735
9.9635
10.0002
9.9395
10.0047
9.9666
9.953
9.9887
10.0374
10.0166
9.9699
9.9364
10.0129
9.988
9.9815
9.985
9.9796
9.9893
9.9998
9.9562
9.9833
10.0004
10.037
9.9525
9.9843
9.9804
10.0612
10.018
10.0349
9.9754
10.0405
10.0142
10.0165
9.9811
9.9876
10.0202
9.9728
10.0083
9.9699
9.9873
10.0027
10.0012
9.995
10.0083
10.0503
9.9794
9.9812
9.9564
9.9974
10.0125
10.0149
10.0151
10.0081
10.0111
10.0029
10.0292
10.0222
9.9431
9.9365
10.0445
9.9993
10.0463
10.0307
10.0514
9.9882
10.005
10.0735
10.0612
10.0389
10.0104
9.9654
9.9166
10.0542
10.0055
9.9951
9.9832
10.0216
9.9922
9.9933
10.0378
9.9925
9.9645
10.0376
9.9698
10.0595
9.9835
10.0358
10.001
9.9867
10.0075
10.0155
10.0056
9.971
10.0266
9.972
9.9872
9.9703
9.9727
10.0367
10.0262
9.9877
10.0149
10.0073
10.0202
9.9771
10.0136
10.008
9.9622
9.9857
9.9671
10.0025
10.0308
9.9738
9.9757
10.0102
9.9361
9.9944
10.0222
10.0377
9.9946
9.9452
10.0098
10.0308
10.0076
9.9844
10.0493
9.9414
10.0662
10.0002
10.0039
9.9842
9.9522
9.9894
10.0107
10.015
9.9703
10.0588
10.0014
9.9728
10.0349
9.9508
9.9894
10.0679
9.9747
10.0277
9.9934
9.9692
10.0223
9.9364
10.0285
9.986
9.98
9.9929
9.9805
9.9761
10.0161
9.9679
10.0379
10.0149
9.9817
9.972
9.9623
10.0251
9.973
10.0225
10.0504
10.0103
9.9824
10.0376
9.9556
10.0387
9.9757
10.0372
10.0056
9.9518
10.0529
10.0285
9.9375
10.0059
10.0086
9.9904
10.0244
9.973
10.0109
9.9647
9.9848
10.0111
10.0323
9.9828
9.9697
9.9404
9.9897
10.0067
10.0568
9.9983
9.9838
9.9625
10.0257
9.968
9.9656
10.0337
10.0428
10.0093
9.9764
9.9963
10.003
9.9702
9.9758
10.025
9.9606
10.0546
9.9792
9.979
10.0389
10.0271
10.017
9.9755
10.0462
9.9456
10.1103
10.0154
10.025
9.9949
9.9983
9.9569
9.999
10.0376
10.0149
9.9785
9.9239
10.0211
9.9648
9.9897
9.9337
9.9991
9.9681
10.016
10.0017
9.9873
10.0081
9.9675
10.0193
9.953
9.9646
9.9526
10.0246
9.9634
10.0003
9.9206
10.0396
9.9928
10.0228
9.9708
9.9946
9.9419
10.0305
9.971
10.0801
10.0458
9.9974
10.0191
10.0446
10.0085
9.9885
10.0081
9.9941
10.0
9.9254
9.9996
10.0047
10.0323
9.9695
10.014
10.004
9.9953
10.038
9.9717
10.0259
9.9513
9.9267
10.0098
9.9807
9.9791
9.9825
9.9562
10.0373
9.9966
9.987
10.0192
10.0284
10.0079
10.0583
9.9864
10.0571
9.9701
10.0385
10.0505
10.0372
10.0007
9.9844
9.9932
10.0104
10.0069
9.9986
10.0414
9.9288
9.944
10.032
9.9569
10.0347
9.9779
9.9632
10.0386
10.013
9.9511
9.941
9.9731
10.0279
9.9753
9.9632
10.0163
10.0288
10.0362
9.9349
9.9441
9.9832
10.0219
10.0446
9.9229
9.9864
10.0177
10.0171
10.0253
9.9661
10.0173
9.9988
9.9818
10.0195
10.0185
10.017
9.9534
9.9888
9.9783
9.982
10.0126
10.0192
10.0348
10.0036
10.0156
10.0301
9.9924
9.9449
9.9812
10.0221
9.9881
10.0345
9.9598
9.9483
9.9947
10.0302
10.0046
9.9907
9.9662
10.0084
9.9737
10.0235
10.0072
10.0193
10.0201
9.9252
10.0855
9.9783
10.0517
9.9479
10.0299
10.0068
9.9796
9.9862
9.9959
10.0342
10.0165
10.0352
10.03
10.0158
10.0325
9.9802
10.0715
9.9909
9.955
10.0338
10.0033
9.9713
9.9968
9.9532
9.9508
10.0158
10.006
9.9622
9.9436
9.9718
10.0018
10.0191
10.0676
10.0037
9.969
10.0018
9.9832
9.9995
9.978
10.0038
9.9721
10.0479
10.0361
10.0009
10.0019
9.9519
9.9677
10.03
10.0003
10.0087
10.0197
9.9832
10.0156
10.0234
9.9848
9.966
10.0371
9.9934
10.0575
9.9586
10.0298
10.0139
10.0257
9.9711
10.0033
9.9531
10.0185
9.9971
10.0803
9.981
9.9758
9.9653
9.9374
10.0311
9.9848
10.0348
9.982
10.0387
10.0295
10.0203
10.0002
10.0071
10.0205
9.9341
10.0005
9.9776
10.0238
10.0043
9.9808
9.9876
10.0141
9.9502
10.01
10.0283
9.9199
9.9933
10.0163
10.0115
9.9893
10.0018
9.9926
9.9706
10.0211
9.9849
10.0039
10.041
9.9885
10.0057
10.0811
10.0145
9.9711
10.0492
10.0573
9.9668
9.973
9.9772
9.9777
10.0688
9.9735
10.0195
9.9884
9.9469
10.063
10.0323
10.0221
10.0154
9.9972
10.0294
10.0362
10.0646
10.0501
10.0336
9.9839
10.0101
9.982
9.9374
10.011
10.0129
10.0575
10.0077
9.9982
10.0183
10.0014
9.993
10.0197
9.9894
9.9993
9.9641
10.012
9.9846
10.0363
9.9988
10.0071
10.0654
9.9963
10.0371
9.9682
9.9888
9.9661
10.0133
10.0851
9.9711
9.9941
9.969
10.0011
10.0061
10.0177
9.9691
10.0473
10.0242
9.997
9.9883
9.9891
10.0136
10.0032
10.0728
10.0017
10.0299
10.0539
10.0117
9.9629
10.0048
10.0169
9.9683
10.0145
10.0283
10.0003
9.9785
10.0314
10.0293
9.936
9.9916
10.0305
9.9838
9.9818
9.9924
10.0276
10.0229
10.0548
10.033
10.0377
9.9817
9.9877
10.0269
10.0247
10.0025
10.0044
9.9644
9.9719
10.0088
10.0231
10.0159
9.9863
10.016
9.9864
10.0485
10.0454
10.0463
10.0265
10.0407
10.0354
10.0156
9.9663
9.9406
10.0302
9.9939
9.9936
10.0491
10.0068
10.0041
9.97
10.0023
9.9892
9.9644
10.0094
10.0214
9.9457
10.0187
9.9508
9.9593
10.0248
10.0438
9.9862
10.0098
9.9629
10.0175
10.0028
10.0325
10.0509
10.0732
10.0393
10.095
10.0104
10.0296
9.9458
10.0385
10.0016
9.9809
9.9624
9.99
10.0086
9.9644
10.0089
9.9996
10.0787
10.004
10.0064
9.9529
9.9573
9.9915
10.0228
9.9899
10.0473
10.0187
10.0214
9.9863
9.9541
10.0338
9.9971
10.0009
10.007
9.9646
9.9618
9.9544
10.0229
9.944
10.0237
10.0104
9.9884
10.0189
9.9962
10.0021
9.946
9.9506
10.0235
9.9989
9.9955
10.0265
9.9762
9.9784
10.0095
9.9699
10.0483
10.0221
9.9834
9.9705
10.0108
10.0581
10.0207
10.0306
9.9425
10.0066
10.0008
9.9757
9.981
9.9641
10.0417
9.9585
10.0297
9.9814
9.9862
9.9822
10.0234
10.0077
9.9987
10.0324
9.9866
9.9991
9.9705
10.0124
10.0225
9.9581
9.9681
9.9672
9.9895
9.9494
10.022
10.0157
9.9953
10.0363
9.9807
9.9927
10.0262
10.0077
9.9957
10.0113
10.0045
9.9952
9.9793
10.0047
10.0319
10.0019
9.9931
9.9505
10.0047
10.0116
9.9937
10.0139
9.9797
10.0477
9.9799
9.9919
9.9746
9.9733
9.9549
10.0757
9.9389
9.9547
9.9686
10.0552
10.0076
10.02
9.9739
9.9757
10.0176
9.9546
9.9817
10.0328
10.0103
9.9964
10.0261
9.9712
10.0269
9.9342
9.9689
10.0148
9.9975
9.9451
10.019
10.0352
10.0008
10.025
9.9876
9.9705
10.0005
9.982
9.9887
9.9835
10.012
9.9757
9.9995
9.9848
9.9972
10.0179
9.9717
10.0056
10.0058
9.9404
9.9775
10.0011
10.0278
9.9454
9.9915
9.9655
10.01
10.0103
9.9896
9.9245
10.0547
9.9917
9.9779
10.0113
9.9742
9.9478
10.0116
9.9901
10.0057
10.012
9.9585
10.042
9.9695
10.0308
10.0077
9.9937
10.009
9.9868
10.0567
9.931
10.0026
10.0166
10.0133
10.0045
9.9757
10.0353
9.9658
10.024
10.0581
9.9743
10.0352
10.0034
10.0027
10.0036
10.0016
9.9813
9.9844
9.99
10.0444
9.9788
9.9576
9.9754
10.0048
9.9653
10.0677
9.9403
10.087
10.0063
10.0286
9.9794
9.9849
9.9932
10.057
9.9563
10.0396
10.0282
9.9658
9.995
9.9878
9.9605
9.9313
9.9655
10.0251
10.0105
10.0255
9.9913
10.0512
10.0302
9.9797
9.9703
10.0231
10.0125
9.9881
10.0285
10.0137
10.0148
10.0413
10.0057
10.0233
10.0126
9.9696
10.0277
10.0333
9.9621
10.0004
9.9794
9.993
10.0048
9.9752
10.0645
10.0922
9.9837
10.0102
10.0546
10.0251
10.0271
10.0303
9.9867
9.9672
10.01
10.059
10.0573
9.9876
9.9774
10.0569
9.941
10.0016
10.0214
9.993
9.9776
9.982
9.9664
10.0469
10.0475
9.95
10.0096
10.0277
9.9722
10.043
10.0225
9.9991
10.0376
9.9981
10.0432
10.0066
10.0291
10.0252
10.0237
10.0101
10.0209
9.9882
9.98
9.9802
9.9508
9.9879
9.9933
9.9731
9.9741
9.9898
9.9607
10.0213
9.9246
10.0214
9.9776
9.9741
10.0197
10.0003
9.9668
9.9734
10.0173
9.972
10.0547
10.0143
10.0206
9.9705
10.0334
10.0118
10.0648
10.0267
9.9843
10.0249
10.0241
10.0284
9.9815
9.9757
10.0052
10.0266
10.0272
9.9992
10.0502
9.9816
9.9844
9.9985
9.9826
9.9981
9.9821
10.0431
10.0022
10.0168
10.0182
9.96
9.9418
9.9788
9.9739
10.0449
9.9769
10.0386
10.0277
10.0345
10.0013
10.0248
10.0394
10.0124
10.0504
10.0678
10.0296
10.0168
10.0046
10.0146
9.9683
10.0552
9.9786
10.0027
10.0317
9.9846
9.9719
9.9597
10.0203
9.9492
10.0184
10.0066
10.0348
9.995
9.988
9.9608
10.0133
9.9977
10.0027
9.9681
9.97
9.9815
10.0076
9.9663
9.9883
9.9974
9.9733
10.0647
10.0013
10.0337
9.9525
9.9761
10.0183
9.994
10.0077
9.9585
9.9699
9.9827
9.9907
10.0064
10.0392
9.9642
10.0214
9.9873
9.9037
10.0011
10.0655
10.0546
9.9831
9.948
10.056
9.948
9.9798
9.9924
9.9833
9.9381
10.0311
10.0443
9.9947
9.9661
10.0445
10.001
10.0039
9.9803
10.0178
10.0467
10.0266
9.9918
10.0364
10.0438
10.0184
9.9475
9.969
9.9629
9.9631
10.0043
9.9944
10.0234
10.0152
9.9916
9.9879
9.9494
10.0436
10.0273
10.0285
10.0328
10.04
9.9899
9.9781
10.0042
10.0068
9.976
9.9904
9.9922
9.9984
10.0428
10.0313
9.9462
10.0936
10.0291
9.986
9.9953
10.007
10.0017
10.0456
9.9281
10.0321
10.0526
10.0504
9.9908
10.025
9.9944
9.9609
9.9902
9.985
10.0008
9.9492
10.009
9.9965
9.9706
10.0071
9.9982
9.9883
9.9627
10.0021
10.0709
9.9847
10.0072
9.9963
9.9458
10.0314
10.0274
10.0123
10.0013
9.9667
10.0293
9.974
10.0056
9.9848
10.0237
10.0152
10.0066
10.0369
9.9738
10.0022
10.0159
10.0213
10.0256
9.9794
10.0484
9.9743
10.0344
9.9914
9.9336
10.0121
9.9693
9.9132
9.9814
9.9773
10.08
10.0512
9.9788
10.0089
9.9968
10.0492
9.9941
9.9806
10.0319
9.9564
10.0139
9.985
9.9925
9.9866
9.9764
10.0236
9.991
9.9823
10.0219
9.9755
10.0126
10.0808
10.0143
10.0143
9.9703
9.958
9.9831
9.9989
9.9921
9.9974
10.0078
9.9465
9.9555
9.9321
10.0071
10.0467
10.0507
10.0537
9.9466
10.0214
9.928
9.9655
10.0308
9.9801
10.0016
10.0063
9.9724
9.9887
9.9961
9.9954
10.0096
10.0159
9.9884
9.9741
10.0378
10.0619
10.0673
10.0303
9.9501
10.008
10.0005
10.007
10.0394
10.0216
10.0486
9.9961
9.9747
10.0243
10.0331
10.0224
10.0409
9.9903
10.0021
10.0154
10.0319
9.9587
9.9949
10.0378
9.9995
10.0158
9.9793
9.9887
10.0156
10.0329
10.002
10.0323
10.092
9.9919
9.9604
10.0293
9.9929
10.0246
10.0009
9.9641
10.029
9.9911
9.9998
10.0344
10.0071
10.0288
9.9613
10.0306
10.0916
10.0562
9.9782
9.9884
9.9586
9.9893
10.0043
10.029
9.9892
10.0185
10.0323
9.9921
9.9762
9.989
10.0085
10.0069
10.0021
9.9929
10.0154
10.0242
10.0113
9.9946
9.9718
9.957
10.0258
9.9737
9.976
9.9502
10.0184
9.9594
9.9906
9.982
10.0185
9.9888
10.0062
10.0124
10.0307
9.9608
9.9717
9.9256
10.0
10.0309
9.9885
9.9554
9.9433
9.9975
10.0288
10.0181
10.0027
9.9292
9.9863
10.0073
9.972
10.0147
10.0077
9.9769
10.0276
10.0227
10.0181
9.9816
9.9264
9.9924
10.0262
10.0036
10.0057
10.0578
9.9823
9.9969
9.983
10.0326
9.9795
9.9758
10.024
10.035
9.9635
9.9983
9.9935
9.9786
9.9869
9.9982
9.9301
10.0344
10.0576
9.9854
10.0083
9.9945
10.0324
10.0629
9.9387
10.0011
10.0101
10.0329
9.9961
10.0174
9.9824
9.9786
10.0379
10.0397
10.0085
10.0619
10.0405
10.0022
10.0071
9.9888
10.0027
10.0067
10.0044
9.9614
9.9731
9.955
9.9946
9.9958
10.0011
10.0106
9.9883
10.0405
10.0325
10.0001
9.9986
9.9987
10.0115
9.9441
10.0278
10.0105
9.997
9.9753
9.9693
10.0356
9.9631
10.0521
10.0362
9.9566
10.0059
9.944
10.0174
10.0362
9.9525
9.9586
9.9836
9.9653
10.0222
10.0753
9.9929
9.9991
9.9856
9.9578
9.969
10.0504
10.0262
9.9999
10.0085
9.9812
9.9954
10.0072
9.9889
9.9691
10.0078
9.9904
10.003
9.9779
10.0191
9.993
9.9991
10.0596
9.9168
10.0414
10.0222
9.9967
10.0061
10.0146
9.9965
10.0315
9.9159
9.9421
10.0251
9.9843
10.073
9.981
10.025
10.0018
10.0456
9.9686
10.0083
9.9816
9.9617
9.9876
9.9776
9.9972
10.0045
10.0607
9.9896
10.0656
9.9965
9.9891
9.9733
10.0138
9.9728
10.0069
10.0243
10.0044
10.0021
9.9917
10.0216
9.9976
10.021
10.0397
10.0371
10.0788
9.968
9.9765
9.981
10.0118
10.008
10.0384
9.9569
10.0158
10.0207
9.9859
9.9441
10.0122
10.0704
9.9719
9.9929
9.9756
9.9982
10.0056
10.0151
9.933
9.9654
10.037
9.9756
10.0066
9.9973
9.9965
9.9982
9.9898
9.9934
9.9603
9.9394
9.9612
10.045
9.9841
10.0072
10.0281
10.0049
9.9612
10.0637
9.9696
9.9636
9.9448
10.004
9.9374
10.0114
10.0238
10.0122
10.0063
10.0124
9.9931
10.0451
9.9916
10.0563
10.0227
10.0321
10.0048
9.966
10.0068
9.958
9.9761
10.0007
10.0025
10.0816
10.0641
10.0189
9.9621
9.9471
10.0401
9.9932
9.9498
10.02
9.9892
9.9555
10.0105
10.0032
9.9704
9.939
9.989
9.9896
10.0226
9.9988
9.9989
9.9587
10.0437
10.029
9.9532
10.0131
9.9991
9.9983
10.0657
9.9625
10.0313
9.9888
10.0118
9.932
10.0221
9.9707
10.0284
9.9641
9.9256
9.9966
10.01
10.0096
10.006
10.0324
9.9567
10.0189
10.0034
9.9785
10.0224
10.0166
10.0388
10.0112
9.9591
9.9855
9.9826
9.9295
10.0413
9.9858
10.0102
9.9889
9.9745
10.0183
9.9748
10.0135
9.9397
9.9866
10.0041
10.0157
10.0132
9.9869
10.0418
10.0035
9.9981
9.9878
9.9389
9.9792
9.9927
10.015
9.9991
9.9596
10.0262
10.0001
10.0137
9.9572
9.9831
10.0026
9.988
10.0317
10.0404
9.9571
10.0352
10.0373
9.955
9.9995
9.9925
10.0231
10.0463
10.0068
9.9176
9.9819
10.0163
9.9785
9.9888
9.9995
10.0284
9.9886
10.007
9.9891
9.9741
10.0283
9.9866
9.9593
10.0455
9.9998
10.0094
9.9768
9.9448
10.0157
9.9568
9.9824
10.0172
10.0003
10.0157
9.9968
9.9503
9.9684
9.9739
9.9499
10.0429
9.946
10.0415
10.0015
9.9844
9.9894
10.0012
10.0135
9.9904
9.9589
9.95
9.9753
10.0157
9.9287
9.9818
9.9944
10.0008
9.9613
9.9829
9.9941
9.9805
10.0057
9.9769
9.9647
10.0039
9.9378
10.0418
10.0347
10.0084
9.9753
9.9948
10.0048
10.0143
9.9465
9.996
10.0036
9.9634
10.0173
9.9781
10.0234
9.9563
9.982
9.971
9.9986
9.9908
10.0184
9.9701
10.0351
9.9801
9.9778
10.0258
10.0232
9.9826
9.9683
9.9784
10.0129
10.0029
10.0142
9.9971
9.9455
10.0147
10.0076
9.9705
9.9591
10.0163
9.9762
9.988
10.0158
9.9951
9.9377
10.0126
10.0252
9.9696
10.0066
9.9713
10.0271
9.9749
9.9663
9.983
9.9369
10.0245
9.9641
10.0145
9.9849
9.9825
10.0134
10.0098
9.9664
10.0016
9.9296
9.9692
9.9286
10.0457
10.065
9.9586
9.9598
9.9521
10.0025
10.0258
9.9758
9.9625
10.0312
10.0422
10.0193
9.9852
9.9983
9.9938
9.9675
9.9783
10.0169
9.9624
9.9537
9.9907
10.0277
10.0482
10.0004
10.0231
9.9746
9.9889
9.9693
10.0512
10.0229
9.97
10.0105
9.9938
9.9863
10.0196
9.9304
9.9809
9.9932
9.9886
9.998
9.9358
9.9895
10.0587
9.9748
10.0361
10.0312
10.0423
9.9654
9.9937
10.0071
9.9758
10.0065
10.0677
10.0118
9.9894
10.0003
10.018
9.9457
10.0124
9.9565
10.0368
10.0168
9.9795
10.0346
10.0185
10.0155
10.0431
9.99
9.9926
10.0188
10.0058
10.033
9.97
10.0295
9.9666
9.9983
10.0496
10.016
10.0106
10.0128
10.0621
10.0501
10.0141
10.0142
9.9969
10.1044
10.0033
10.0416
9.98
10.0014
9.9161
9.9835
9.9949
9.9949
10.0451
9.9674
9.9834
9.9759
10.0186
9.9425
9.9588
10.0142
9.9871
9.9909
9.9599
9.9722
9.9815
10.0395
9.9688
9.9657
10.0179
10.0366
9.9849
10.0182
10.0006
10.0246
10.021
10.0214
10.0118
10.0305
10.0257
10.0014
9.999
9.9808
10.0516
9.9549
10.0155
10.0337
9.9573
9.9391
10.0253
9.9709
9.9849
9.9673
9.9723
10.0246
9.9548
10.0432
10.0372
9.9682
9.9623
9.9837
10.0229
9.987
9.9894
10.014
10.017
9.9463
10.0288
10.0319
9.994
10.0097
9.9483
10.0084
9.9942
9.9762
10.0058
10.0146
10.0222
10.0443
9.956
9.9522
10.005
10.0262
9.9973
10.0097
9.9678
10.0003
10.0131
9.9676
10.0318
10.0117
9.98
10.0768
10.0631
10.019
9.962
10.0223
10.0074
10.0056
9.9632
9.956
9.9862
9.9898
9.9554
9.9816
10.0023
10.0304
9.9775
9.995
9.9756
10.0099
9.9816
9.9593
10.028
10.0241
10.0186
10.0205
9.9828
10.0202
9.9824
9.9808
10.0064
9.9854
10.0318
9.9874
10.0506
9.9845
9.988
10.0177
10.0267
10.0366
10.0309
10.0337
10.02
9.943
9.992
9.9617
9.9637
10.0634
9.9654
9.9889
10.0097
9.9819
9.9805
10.0326
9.9947
9.9774
10.0329
10.0059
10.0131
10.0304
10.003
9.986
9.9754
9.959
10.0091
10.0012
10.0257
10.0208
9.9532
9.9763
9.9941
9.9821
9.9674
9.9679
10.034
9.9926
10.0059
10.0509
9.9923
10.0282
9.9702
10.0332
10.0377
10.0249
10.0082
9.9953
10.0022
10.0264
9.9967
10.0523
9.9616
10.0182
10.0191
9.9866
10.0211
9.9746
9.9779
9.9931
9.9559
9.9898
10.0301
10.0107
9.9836
10.0367
9.9637
9.9974
10.0128
9.9514
10.0067
9.9776
9.9416
10.0219
10.0049
10.0251
10.0073
9.9837
9.9926
9.9821
9.987
9.9823
9.9975
9.9372
9.9498
9.9723
10.0249
9.9634
10.0728
10.0069
9.9972
10.031
9.9864
10.0269
10.0001
10.038
10.0167
9.994
10.0056
9.9707
9.9335
9.9675
10.0189
10.0201
9.9652
10.0105
9.9966
9.938
9.925
9.958
9.9953
9.9964
10.005
10.0353
9.9522
10.0707
9.9951
9.9883
9.938
10.0369
9.9687
9.9944
9.9459
10.04
9.9899
9.9473
10.0417
9.9746
10.0173
10.032
10.0071
10.0256
10.0404
10.022
10.0137
10.0297
10.0294
10.0212
10.0511
10.0547
9.9963
9.9611
10.0383
9.9682
10.0005
9.9896
10.0268
9.9407
10.0276
10.0103
9.9939
10.0033
9.9989
10.0069
10.0426
9.9925
9.9916
9.9275
9.9987
9.9853
10.0325
9.9864
9.916
10.0091
9.9988
10.0319
9.9866
10.0053
9.9668
9.9767
10.0009
9.9817
10.047
9.9159
9.9991
10.014
10.0235
9.996
10.0405
9.998
9.9838
10.0023
9.9877
10.0243
9.9983
10.0046
10.0892
9.9648
10.0012
10.0118
10.0045
9.9967
10.0766
10.0019
9.9932
9.9981
10.0043
9.9957
10.0018
9.9466
10.0167
10.0353
10.0179
10.0166
9.9754
9.9803
9.9862
10.0312
9.9869
10.0319
9.9525
10.0125
10.0426
9.9981
9.9749
9.982
9.9714
10.0025
9.9994
10.0421
9.9985
9.9554
9.9446
10.0171
9.985
10.0454
10.1071
9.982
10.0232
10.023
10.0147
9.975
10.0041
9.9526
9.9989
10.0522
9.9863
10.0451
9.9863
9.9764
9.9634
10.0721
9.9674
9.9562
10.0457
10.0329
9.9429
10.0195
9.9986
10.0116
9.9504
10.0212
9.9763
10.024
9.9406
9.9909
9.9399
9.9883
10.0053
10.0551
10.0029
9.9508
9.9562
9.9994
10.0653
9.9908
10.0307
10.0023
9.9866
10.0209
10.0744
10.0398
10.0383
9.9844
10.0286
10.0138
9.9985
9.986
9.9706
10.0254
10.0548
9.9456
10.0093
10.0057
10.0217
9.9793
10.0162
10.0353
10.0153
10.0061
9.994
10.0673
9.9989
9.9721
10.0479
10.0227
10.0479
9.9742
9.9695
10.0011
9.9886
9.9714
10.0637
9.933
10.0418
9.9941
10.0135
10.0118
10.0162
9.978
9.985
9.9735
9.9616
9.9615
9.9464
10.0142
9.9967
10.0351
9.9891
10.0224
9.9924
10.03
9.9773
10.064
10.0054
10.0092
9.9613
9.9667
10.0079
9.943
10.0691
9.9869
10.0129
9.9693
10.0093
10.0236
10.0145
10.0462
10.0192
9.9967
10.037
9.9792
10.082
10.0423
9.996
10.0306
10.0187
10.0128
10.0419
9.9898
10.0012
10.0266
10.0325
10.0094
10.0862
10.0103
9.9799
10.0079
9.9816
10.0124
9.9648
10.0376
9.9693
10.0387
9.9938
10.0052
9.9205
10.0709
10.0209
9.9627
9.9839
10.0062
9.9834
9.9827
9.9509
9.99
10.0136
9.9952
10.0229
9.9861
9.98
9.9769
10.0512
10.0439
10.0065
9.9885
10.034
10.0
9.9809
9.9794
10.0332
10.0258
9.9943
10.0171
9.9632
9.9639
10.0118
10.0118
10.0433
9.9454
9.9863
9.9522
9.9615
10.0456
9.9837
9.9736
9.9892
10.0007
9.9941
9.9357
9.9569
10.0221
9.9588
9.9795
9.9889
10.044
9.9903
9.9978
10.0055
10.0013
10.0016
9.9773
9.9978
9.9717
10.0502
10.0101
9.9864
9.9927
10.0153
10.0024
9.9739
9.9388
9.997
9.9815
9.9858
9.9743
10.0209
10.0472
9.982
10.0558
9.9689
10.0
10.0108
9.9477
10.009
9.9769
9.9921
9.9738
9.975
9.9764
9.9548
9.9887
10.0009
10.0146
10.0331
10.0438
9.9975
10.0266
10.002
9.9625
9.9773
10.0156
9.9997
9.9522
10.059
9.9626
10.0041
9.9952
10.0001
10.0484
9.9711
9.9828
10.0515
9.9925
10.0166
9.979
10.0395
10.0431
10.0153
9.9936
10.026
9.9946
9.9971
9.9951
10.0433
9.9513
10.0055
9.949
9.9451
9.9896
9.9971
10.0383
9.9925
10.0388
9.9484
9.9854
9.9489
9.9654
9.9832
9.9484
9.9859
10.0639
10.0056
9.9713
9.9836
9.9316
9.98
9.9942
9.9981
9.9969
10.0376
9.9663
10.0109
10.027
9.958
10.0236
10.0693
10.0561
10.0464
9.9634
9.9821
10.0514
9.9412
9.9697
9.9276
9.9509
9.9745
9.9945
9.9781
10.0053
10.0263
9.9695
9.9909
10.0732
9.9723
10.0391
9.9555
9.9673
10.0184
9.9562
9.9486
9.9451
9.9805
10.0303
9.9688
9.9616
10.0055
9.9726
10.0259
10.0366
9.974
9.9642
10.0377
9.995
9.9879
9.9814
10.0276
9.9862
9.9639
10.0051
10.0294
9.9981
9.946
9.9705
9.9537
10.0323
10.0156
9.9849
9.982
10.0067
10.0338
9.927
9.9272
9.9946
9.9775
9.9894
9.94
9.9125
10.0062
9.989
10.0252
10.0
9.9746
10.0625
9.9497
9.9865
10.0135
10.0104
9.9837
9.9772
10.0085
9.9704
10.0008
9.9666
10.045
9.9429
10.0199
9.9865
10.028
9.9806
10.0214
10.0594
10.0307
10.0275
9.9878
10.0042
10.0068
10.0027
9.9972
10.0386
9.9582
9.9889
9.9733
9.9796
9.9385
9.9607
10.0056
9.9896
10.0463
10.0539
10.0136
10.0349
9.9801
10.0179
9.9853
9.992
9.9695
10.0159
9.9986
10.0314
9.9957
9.9947
10.0287
10.0091
9.9584
9.9859
10.0372
9.9925
10.0009
10.0464
10.0202
10.016
9.9793
10.0025
9.9826
10.0187
10.014
9.9653
9.9764
10.0034
9.9888
9.9481
9.9832
9.9489
9.9734
10.0053
9.9717
10.0474
9.9274
10.001
10.003
10.0232
10.0215
9.9969
10.0733
10.0149
10.0086
9.989
9.9757
9.9816
9.9941
10.0603
10.0376
9.9948
10.04
10.0431
9.975
9.9508
10.0393
10.0376
9.9726
9.9933
10.0262
10.0104
10.0232
9.9711
10.0156
9.9878
9.9683
10.0071
10.0002
9.9833
10.0021
10.0217
10.011
9.9607
9.9441
10.0122
10.0038
10.0174
10.0079
10.0701
10.0288
9.9488
10.0111
10.0547
10.0289
9.9733
9.9816
10.0065
10.0185
9.9754
9.9974
10.0224
9.9879
9.9663
10.0262
10.0374
10.0154
9.9773
9.9816
10.0112
9.9922
9.906
9.9625
9.9869
9.9649
10.0511
10.0405
9.978
10.0014
10.0104
10.0219
10.0404
9.9885
10.0118
10.0315
10.007
9.9938
10.0169
9.9725
9.9982
9.9504
9.9588
10.0118
10.0557
10.0259
10.0747
10.0522
10.013
9.9926
9.9892
9.9989
10.0149
10.0309
10.0237
10.0463
10.0073
9.9693
10.029
10.0618
9.9792
9.9974
10.0146
10.0022
10.0278
10.0334
9.9626
9.9853
10.0572
10.0112
9.9995
10.0451
9.94
9.9615
10.0156
9.9733
9.9904
9.9912
9.9854
10.0249
9.9898
9.96
9.9615
10.0075
10.0731
10.0105
9.9985
10.0125
9.9682
10.0101
10.0042
10.0168
9.9649
10.0446
10.0274
9.9476
9.984
9.9997
9.995
9.9636
9.9908
10.0326
9.982
9.9555
10.0306
10.0281
10.0261
10.0379
9.9948
9.9997
10.0066
9.981
9.9757
10.0551
10.0085
10.035
9.9714
10.0183
10.0044
10.0136
9.9501
10.007
9.9894
10.0305
9.9446
9.986
9.9733
10.0117
9.9864
10.067
10.0166
9.9755
10.0351
9.9902
10.03
10.0116
10.009
9.9971
10.0199
10.0366
10.0673
9.937
10.0235
10.0166
10.005
10.0386
9.9702
10.0086
10.0124
9.9849
9.9837
9.9845
9.9754
10.0165
10.0159
9.9879
10.0182
10.0385
10.0022
10.0258
9.9951
9.9891
10.0135
10.0265
10.0021
9.9744
9.969
9.9691
9.9749
9.9936
9.9658
9.9713
10.0065
10.0603
10.0355
10.0144
10.0724
9.9754
9.9145
10.0123
9.982
9.9919
10.0159
10.0137
9.9863
9.9936
9.976
9.9944
10.0195
10.0672
10.0234
10.0023
10.0348
9.9776
10.0028
10.0048
9.9879
9.9769
9.9611
10.0308
9.9843
9.9948
10.0107
10.0204
9.9568
10.0422
9.9825
9.9771
10.0423
9.9836
10.0051
9.9996
9.9943
10.0685
9.984
10.033
9.9702
9.9822
10.0302
10.0716
10.0621
10.0166
10.042
9.9699
9.9728
9.9475
10.0468
10.0285
9.9886
10.0474
10.0068
10.0732
10.0001
9.9805
9.9994
10.0382
10.03
10.0015
10.038
10.0075
10.0175
10.0269
10.0406
9.9918
10.0781
10.0374
10.0239
10.0789
10.0316
9.9704
9.9976
10.0157
9.9927
9.9616
9.9813
10.0132
10.0209
10.0349
10.0183
9.9233
9.9885
9.9484
9.9914
9.9839
9.9927
10.0296
9.9916
9.9858
9.9772
9.9308
10.0234
9.9959
9.9932
9.9954
9.9861
9.9887
9.9838
10.0735
10.0131
10.0332
10.0092
9.9958
9.9758
10.0018
10.0579
10.0221
10.0179
9.9542
10.0111
10.0046
10.0261
10.0426
10.0095
10.0307
9.9756
9.9747
10.0335
10.0234
10.0222
9.9801
10.0017
10.0549
9.9581
10.0001
9.9663
9.9136
10.0131
9.996
10.0311
10.0148
10.006
9.9689
10.0253
9.9304
10.0421
9.9637
9.9625
10.0197
9.9726
10.0188
10.0161
10.0606
9.9966
9.9417
10.0497
10.0412
10.0072
10.0051
10.0201
9.8924
10.007
10.0285
10.0042
9.9598
10.0267
10.0395
10.0517
9.9767
9.9563
10.0279
9.921
10.0413
9.9968
9.9704
10.0323
10.0251
10.0136
10.014
9.989
9.9661
10.0114
10.0184
10.0189
9.9676
10.0503
10.0422
10.0068
9.9442
9.9932
10.0092
9.9423
10.013
9.9658
9.9233
10.0037
9.9533
10.0216
10.0334
9.996
9.9343
10.0174
9.9826
10.031
10.0115
10.0177
10.0171
9.9808
9.9919
9.9945
9.9875
9.9924
9.949
10.0142
9.9923
9.9909
9.9468
10.0233
9.9885
9.9997
10.0188
10.0528
10.0517
10.0153
9.9815
10.0316
10.0518
10.0346
10.0266
10.0412
10.024
9.9927
9.975
9.9516
10.0037
10.0023
9.9721
9.9891
9.9935
9.9752
10.0199
10.0273
10.0214
10.0269
10.0005
10.0334
9.9962
10.0348
10.0078
9.9789
9.9889
9.9784
9.9074
9.9599
10.0332
10.0051
10.0583
9.9579
9.9852
9.9919
10.0061
10.0189
9.9675
9.9656
10.0154
9.9926
9.9568
10.0349
10.002
10.04
10.0373
10.0099
10.0142
10.0104
9.9771
9.9751
9.9951
10.0562
9.9979
9.9443
9.9855
10.0226
9.9983
9.9788
9.9827
10.0533
10.009
10.0318
9.9825
9.9609
10.0436
10.0386
9.991
10.0275
10.0064
10.0239
9.9717
9.9909
10.0508
9.9774
9.9711
9.9568
10.0263
9.9568
9.9796
9.9694
10.0501
9.9862
10.0086
10.0094
9.948
9.9776
9.9951
9.9949
10.0108
10.0097
10.036
9.9894
9.9744
9.9639
10.0001
10.0583
9.9532
10.0154
9.947
9.9836
10.0361
9.9976
9.9693
9.9838
9.9936
10.0131
10.0157
9.9554
9.9587
10.0441
9.9582
9.9698
10.0098
9.9921
10.0373
9.9647
10.0089
9.9753
9.9909
9.9977
9.9735
9.9754
10.0147
10.0034
9.9391
9.9929
9.9529
9.9241
9.995
10.0519
9.9618
10.0158
9.9544
9.9587
10.0195
10.0345
10.0336
9.996
9.9594
10.0347
9.9891
9.9951
10.0062
9.9339
10.023
9.9973
10.0455
9.9771
10.0213
10.0104
10.052
9.9773
10.0046
9.985
10.037
10.0172
9.9746
9.9786
9.9798
10.0223
10.0053
9.9861
10.0439
10.0613
9.9585
9.983
9.9792
10.0198
9.9798
9.9083
9.988
10.0375
10.0401
9.9601
9.9715
10.0085
9.9406
9.9678
9.9654
10.0384
10.0103
9.976
10.0216
10.0152
10.0111
10.0281
10.0514
9.9996
9.9548
10.001
10.0177
10.0121
10.0283
9.9973
10.0327
10.0072
10.0056
10.044
10.0537
9.9842
10.0385
10.0677
9.9695
10.0059
9.9165
10.0031
9.9884
9.9842
10.0603
10.0069
9.9769
9.978
10.0109
10.03
9.9824
9.9809
9.992
10.0193
10.0033
10.0158
10.0339
9.9783
9.9869
9.9729
10.0205
9.9344
9.9902
10.0219
9.9883
9.9747
10.0061
9.985
10.0405
9.9936
10.0761
9.9779
9.9848
9.9828
9.9782
10.0408
9.9694
10.0358
10.0197
10.0379
10.0155
10.0245
10.0465
9.9911
9.947
10.0634
9.9451
9.9769
9.9842
9.9155
9.9926
9.9939
9.9938
10.0129
10.0007
9.9624
10.0022
9.9932
10.031
10.0246
10.0003
9.9867
9.9648
10.0154
9.9489
9.9855
10.0172
10.0349
9.992
10.0519
9.9675
10.0291
9.9984
9.9709
9.9979
9.9912
9.9768
9.9589
9.9866
9.9751
10.0086
9.9999
9.9783
10.0061
10.0128
10.056
10.0452
10.0244
10.0203
10.0012
10.0229
10.0011
10.0472
10.0273
10.0432
9.9447
10.0084
9.9997
9.9908
10.0202
9.9829
10.0346
9.9779
9.9964
10.0191
9.9691
9.9789
9.9583
10.0042
10.0037
10.0105
10.018
9.9855
9.992
9.9491
9.939
9.9948
10.0024
9.961
9.9544
10.0311
9.9589
10.0002
10.0348
9.9831
10.0285
9.9802
10.0047
10.0186
10.053
9.9631
9.916
9.9878
10.0055
10.03
10.0885
9.9795
9.9467
10.0401
9.9497
10.0468
10.044
9.9964
9.9922
10.014
10.0214
9.9808
9.9568
10.0236
10.0487
10.0105
9.9926
9.9641
9.9004
9.9981
10.0222
10.0164
10.0539
10.0304
10.0239
10.0219
10.0217
10.0532
9.9968
9.9595
10.0499
9.9464
9.9882
9.9934
10.0397
9.9864
9.9855
10.0147
10.0161
9.9882
10.0029
10.0822
9.9609
9.9674
9.9745
9.9886
10.0072
9.9927
10.0271
9.9652
10.0725
10.0379
10.0054
9.9734
9.971
10.03
9.9688
9.9317
9.9674
10.0516
9.9967
9.9484
10.0174
10.0476
9.9775
10.0009
10.0543
10.0212
9.9888
9.9851
9.9724
9.9907
9.9642
9.9861
10.0016
9.9811
9.9724
9.9606
9.9911
10.0116
9.9648
9.9779
10.0409
9.945
10.0258
9.9933
9.9926
10.0061
10.0004
9.9674
9.9555
10.0477
9.9922
10.0219
10.0002
9.994
10.0506
10.0066
10.0282
9.9914
10.0316
10.0249
9.9972
10.017
9.9714
10.0178
10.0419
10.0077
10.0347
9.9631
9.9553
9.9768
10.0383
10.0189
9.9376
9.9605
10.0137
10.0252
9.9919
10.0121
10.0055
10.0417
9.9541
9.9819
10.0117
9.9235
9.9101
10.0011
10.0573
9.9499
9.9552
9.9594
10.0453
10.0321
10.0019
9.985
10.0247
9.9696
9.9593
9.9329
9.9406
9.9647
10.0144
10.0072
9.9765
9.9834
10.0548
9.9675
10.038
10.0148
10.0253
9.9878
9.9838
9.9662
9.9751
10.0102
9.9583
9.9745
9.9768
10.0185
10.01
10.0436
9.9418
9.9874
9.9705
10.0198
9.9842
9.9763
10.0628
9.9769
10.0183
10.0369
10.0152
10.0043
9.9755
10.0003
10.0186
9.9624
9.9648
9.9771
9.9962
9.929
9.9769
10.0451
10.058
9.9576
9.9296
10.0029
9.9829
9.9756
10.024
9.9869
9.9897
9.9691
9.9723
10.0529
9.9683
10.0505
9.9532
9.9951
10.0081
9.9759
10.0474
10.0062
10.0264
10.0063
10.0208
9.9961
9.9612
9.9573
10.0227
9.9775
10.0547
10.0291
10.0219
9.9975
10.0642
9.9666
10.0127
9.985
9.9557
10.0179
10.0096
10.0028
10.0395
9.9888
9.9932
9.9755
10.0103
9.9929
10.0142
9.956
10.0146
10.0026
10.0555
10.0124
10.0208
10.0722
9.9585
9.958
9.9979
9.9856
9.9838
10.0568
10.0215
9.949
10.0464
9.9951
10.0123
10.0148
10.0095
9.9836
10.0163
10.0025
9.9298
9.9353
9.9766
10.0146
10.0522
10.012
10.0156
10.0254
10.0029
9.9406
9.9805
9.9611
9.9898
10.0078
9.9952
10.0513
9.9552
10.0205
9.9942
10.0263
9.9776
9.9522
9.9541
10.0054
9.9862
10.0071
10.0364
9.9852
10.0473
10.0174
10.0142
9.9403
9.9862
9.9928
9.9383
10.0038
10.0065
9.9645
10.0134
9.9877
9.9872
9.9996
9.9627
10.0287
9.9962
9.9858
10.0143
9.9936
9.9924
9.9494
9.988
10.0034
10.0741
10.0266
10.0474
10.0137
9.9758
9.9609
10.0368
9.9965
9.9802
10.0451
9.9804
9.984
9.9801
9.997
9.9959
10.0448
10.0001
10.0432
10.0113
10.0044
9.9835
9.9721
10.0335
10.0143
9.9768
10.0046
9.9981
10.0158
9.9911
9.9801
9.9911
10.0041
9.9631
9.9894
10.018
10.0499
9.9542
9.9899
9.9885
9.9877
10.0378
9.9801
9.9506
9.9843
10.0141
10.0049
10.013
10.0262
10.0121
9.9951
10.0068
9.9774
9.9981
10.0197
9.9902
9.9824
9.9934
10.0182
10.0434
10.0145
10.0043
10.0335
9.987
10.028
9.9705
9.9229
9.9597
9.9209
9.9977
9.9506
10.0286
9.9938
9.9661
9.9828
9.9626
10.0077
9.9794
9.9739
9.9945
10.0152
9.9901
9.9939
9.93
9.9599
10.0167
10.0256
10.0166
10.0264
9.9672
10.0035
10.0059
10.0197
9.9823
10.0361
10.0068
9.9762
9.9516
10.019
10.002
9.9795
9.9581
10.004
9.9574
9.9654
10.0245
10.0156
10.006
10.0175
10.0161
10.0126
9.9579
9.9557
9.9487
9.9879
9.9369
9.9308
10.0239
9.9823
10.0088
9.97
10.014
10.0313
10.0011
9.9921
10.0436
9.9731
10.0031
9.9765
10.0204
10.0151
10.0299
9.9626
10.0084
9.9798
10.0283
10.0595
10.006
9.9768
9.9917
10.0816
9.9967
9.9571
9.9773
10.0403
9.9822
9.9999
9.993
9.9354
10.0132
9.9309
9.977
10.0223
10.0453
9.985
9.9484
10.0218
10.0115
10.0483
10.0147
9.9933
9.9587
10.001
9.9881
9.9802
10.038
10.0488
10.0257
10.0
9.9408
10.0195
9.9893
10.0036
9.9875
10.0626
9.9906
10.0669
10.0228
9.9909
9.9655
10.0044
9.9964
10.0079
10.0292
10.0077
9.9906
10.0427
10.0105
9.9975
10.0068
10.0006
10.0021
10.0163
10.025
9.9277
9.9692
9.9959
9.917
9.9691
10.0357
9.9412
10.013
10.0407
10.0023
9.9944
9.9804
10.029
9.9871
9.9797
10.0256
10.0187
9.9548
10.0091
9.9965
10.0493
10.0686
9.9769
9.9438
10.0058
10.0279
9.9707
10.0034
9.9693
10.0111
9.9774
10.0204
9.9966
9.9628
10.0494
9.9476
9.9855
9.9476
10.1229
10.0096
9.9959
9.9986
9.9932
9.9602
10.0131
10.0122
10.0012
9.9883
10.0143
10.002
9.955
10.0387
9.9322
9.9957
10.0108
10.055
10.0007
9.9888
9.9836
9.9468
9.9657
9.991
10.041
10.0245
9.9868
10.0436
10.001
10.0437
9.9796
10.026
9.9469
10.0172
10.0116
9.9365
10.0134
9.9842
9.9421
9.9924
10.0132
10.0047
9.9892
9.9812
10.0404
10.0205
10.0196
9.9931
9.9848
10.0131
10.0367
9.9625
10.0158
9.9679
9.9614
9.9896
9.9901
9.981
10.0514
10.0445
10.0084
9.9998
10.0395
9.9792
9.9657
10.0088
10.003
10.0264
9.9942
10.0612
9.991
10.018
9.9979
9.9464
9.9766
9.9658
10.0037
10.0025
9.9941
10.017
9.9963
10.014
10.0129
9.9866
10.0522
9.9878
10.0224
9.9706
10.0122
9.9912
9.9422
9.9828
10.0042
9.969
10.03
10.0095
10.0195
10.025
9.9697
10.0532
10.0522
9.9899
10.0442
9.9825
9.9737
10.0417
10.0285
10.0126
9.9717
9.9798
10.0385
9.9905
10.0123
9.9851
9.9856
10.004
10.0314
10.0035
9.9624
9.9423
9.9296
9.9932
9.986
9.9955
9.9773
10.0344
10.0337
10.0122
10.0086
9.9657
9.9678
10.0091
10.0276
9.9667
10.0363
10.0588
9.9951
9.952
10.0075
10.0645
9.9685
10.0021
10.0295
10.0066
9.9893
9.9498
10.0513
10.0125
10.0271
9.9958
10.0028
10.1127
9.992
10.0142
9.9911
9.9426
9.9834
9.9934
9.9906
9.9451
9.9868
9.989
10.0041
10.0467
10.0309
9.9678
9.9865
9.9643
9.993
9.9901
10.0188
10.0119
10.0321
9.9935
9.952
10.0052
10.0263
9.9901
10.0212
10.0472
9.9794
10.0197
9.9832
10.0069
9.926
10.0679
9.9899
9.9987
9.9844
10.0333
10.0039
9.9953
10.001
9.9766
9.9972
9.9688
9.948
10.0328
10.0074
9.9872
9.9984
10.0526
9.962
10.0235
10.0121
10.0383
10.0257
9.9709
10.0263
10.0025
9.987
10.0178
9.9347
9.9708
9.9872
9.9529
10.056
10.0129
9.9788
9.9671
9.9695
10.0344
9.9717
10.0345
10.0303
10.0304
10.0362
9.9603
9.9704
9.994
10.0323
9.9487
10.0084
9.9802
9.9984
10.0039
10.032
9.9919
10.0204
9.9836
10.0129
9.958
10.0377
10.0328
9.9917
10.0215
10.0132
10.0072
9.9922
9.9814
10.0042
9.9843
9.9882
9.9502
9.9829
10.0275
9.935
9.9946
10.0389
10.0137
9.9744
10.0014
10.0731
10.0046
10.005
10.0584
9.9903
9.9966
9.9657
9.9852
10.0158
9.9873
9.9742
10.0181
9.994
10.0147
10.0431
10.0457
9.9551
9.9549
10.0322
10.0295
10.009
10.0355
10.0061
10.0134
10.0038
9.9947
9.9942
9.9575
9.956
9.9438
9.961
9.9897
9.972
10.016
10.0012
9.9802
9.9815
10.0328
9.998
9.999
10.0004
10.0063
9.9894
10.061
9.9828
10.0148
9.9472
9.9641
9.9689
10.0017
10.0239
10.0472
10.0229
9.9937
10.0431
10.0094
10.0058
9.9882
9.9737
10.0117
9.9738
10.0365
9.9824
10.0022
10.0319
10.0187
10.0434
10.034
9.9883
10.0323
9.9485
10.0679
9.9587
10.0083
9.9976
10.0043
10.0303
10.0208
9.9575
9.9744
9.9609
9.9443
10.0029
10.003
10.0144
9.9998
10.0612
10.0452
10.0104
10.0293
9.9931
9.9296
10.0298
10.0179
9.9698
9.9971
10.0377
10.0105
10.0509
9.9782
9.9778
9.9677
10.0091
9.9861
9.9857
10.0209
9.986
9.9691
9.9726
10.0763
9.9913
9.9962
9.9578
10.0218
10.0727
10.0366
10.0421
10.0292
9.9895
9.9367
9.981
10.0054
10.0487
10.0423
9.9908
10.0387
9.9436
9.9971
9.9897
10.0197
10.0474
10.0172
10.0217
9.9983
10.0423
10.0095
10.018
9.9852
9.9731
9.994
9.9776
10.0711
10.0353
9.993
9.9856
9.9146
10.0365
10.0694
9.9736
10.0102
9.9758
10.0389
9.9643
9.9752
10.0211
10.0017
10.0113
9.9808
10.0432
9.9628
10.0228
9.9591
9.9843
10.0378
9.9819
9.9922
10.0454
9.9528
9.9565
9.9881
9.9394
9.9831
10.0199
9.9896
9.9755
10.0543
10.0079
9.9897
10.0105
10.0609
9.9562
9.9585
10.0288
10.0641
9.9941
9.992
10.0345
9.9905
10.0249
9.9872
10.0443
10.0369
10.042
10.0072
9.9922
10.004
9.9554
10.0679
10.0583
10.0081
9.9956
9.9988
9.9845
10.0456
9.9684
9.9943
9.9697
10.0095
10.0092
9.9745
9.9154
9.9265
9.9187
10.0284
10.0343
10.0552
9.9773
9.9818
10.0166
10.0295
9.9703
9.98
9.9604
10.0265
10.0475
9.9878
10.0148
9.9864
10.0048
9.9867
9.9569
9.9568
9.9945
10.0098
10.0062
9.9689
10.0471
9.9454
9.9976
9.9605
10.0366
10.0287
9.9968
10.0602
9.948
9.9209
10.0572
9.9829
9.976
10.0009
9.9281
9.9965
9.9915
10.0001
10.0311
10.0196
10.006
9.9552
10.0308
10.0166
9.9981
9.9573
9.9567
10.0308
10.0237
9.9956
10.0467
10.0248
10.024
10.0024
9.944
10.0331
10.0055
10.0324
10.0104
9.9828
10.0083
10.0184
9.9885
10.0426
9.9682
9.9872
9.952
9.9851
9.9883
10.0168
10.0491
9.9696
9.9952
10.0953
10.0046
10.0492
9.9978
10.0049
10.0246
9.9562
9.9918
10.0317
10.0013
9.9715
9.9808
10.0295
9.9875
9.9499
10.0914
10.0286
10.0479
9.9276
10.0147
10.0061
10.0458
9.9728
9.9575
9.994
10.0621
10.05
9.9495
9.9738
10.0103
10.0052
9.9718
10.0282
9.9893
10.0003
9.9546
9.9848
10.0178
10.0185
9.9939
10.0455
9.9687
9.9882
9.9942
10.0151
10.0445
9.9914
9.9808
9.9785
9.936
10.0333
9.9893
10.0024
10.0098
10.0081
10.0078
10.035
9.9903
10.0386
9.9389
10.0345
10.0119
10.0205
10.0402
10.04
10.0084
9.9951
9.9934
9.9748
10.0283
9.9994
10.0592
9.956
9.9993
10.0192
9.9938
10.0303
10.0452
9.9615
9.9959
9.9675
10.0123
9.9579
10.0356
10.0204
9.983
9.97
9.955
9.9931
10.0048
9.9853
10.0465
10.0358
9.9921
9.9676
9.9376
10.0803
10.0532
10.0196
9.9873
9.9797
9.9927
9.9931
10.0004
10.0032
9.9575
10.015
10.0519
9.983
9.9838
9.9634
9.9812
9.9691
10.0471
10.0227
9.9969
10.0082
9.9823
9.9994
10.0133
10.0249
10.0146
9.9773
9.9704
10.0391
10.0324
9.9694
10.028
9.9385
10.0535
10.0173
9.9674
10.036
9.9966
10.0084
10.0363
10.0127
10.0326
9.968
10.0131
10.0437
9.999
9.9368
10.0208
10.0414
10.0001
10.0297
10.0221
10.0039
10.0316
9.9878
9.9565
10.0034
9.9434
9.9605
10.0174
9.9657
9.9735
9.9687
9.993
10.0126
10.0448
10.0026
10.051
10.0434
10.014
10.0045
9.9944
10.0587
9.9716
9.9605
9.9638
9.9846
10.043
9.9677
9.9991
10.0006
10.0405
10.0172
9.9865
10.0075
9.9599
10.0342
9.9471
9.9621
10.0337
10.0095
10.0393
9.9768
9.979
9.9662
10.0313
9.9633
9.9549
9.98
9.9563
10.0216
10.0267
10.0027
9.9978
9.9579
9.9986
10.0134
10.0239
10.0329
9.9776
9.9876
9.9899
10.0518
10.0109
10.0223
9.9847
10.0542
9.9637
9.9959
10.0008
10.0063
10.0217
10.0478
10.0655
9.9758
9.9571
10.0301
9.9714
9.9764
10.0079
10.0042
9.9722
9.9656
10.0368
9.9994
9.9952
9.9997
9.9811
9.9671
10.0142
10.0192
9.9881
9.9772
9.9815
9.9897
9.9512
9.9551
9.9849
10.002
10.0451
9.9889
10.0023
9.9281
10.0071
10.1004
9.9923
9.9963
10.0069
9.9759
9.9807
9.9687
10.006
10.0154
10.0313
9.9575
9.9924
9.9649
10.0398
9.9465
9.992
9.9822
10.0185
9.9912
10.0112
9.9952
9.9381
9.9791
10.0013
10.0187
9.9644
9.994
10.0367
10.0193
10.0173
10.0367
9.9976
9.9947
10.0317
10.0081
10.0043
10.0421
9.9875
9.962
10.0115
9.9879
9.969
10.0218
10.0062
10.0167
10.0211
10.0398
10.0329
9.9901
10.0254
10.0042
9.9973
9.9971
10.0218
9.9785
10.0005
9.954
9.9431
9.9951
9.9685
10.0474
10.0295
10.0049
10.0181
9.9375
9.9861
10.0299
9.9475
10.0429
10.0186
10.0088
9.9947
10.0072
9.9651
9.99
9.9851
10.0134
9.9972
10.0419
9.9607
10.025
10.0569
9.9772
10.029
10.009
10.0235
10.0509
10.0244
10.001
9.9851
9.9965
10.0509
9.9924
10.0666
10.0376
10.0038
10.0113
9.9504
10.0213
9.9836
10.008
9.9923
10.0118
9.9744
9.9748
9.9953
10.0241
10.0308
9.9621
10.0752
10.0131
10.0087
10.0146
10.0076
10.0173
10.0181
9.9707
9.9903
10.0239
10.0199
9.9618
9.9758
9.9797
9.9983
9.9846
9.9898
9.9871
10.0511
9.9458
10.026
9.9711
9.9922
9.9988
9.9596
10.0574
10.022
9.9626
9.9733
9.9596
9.9999
9.9825
9.9825
9.9999
10.0131
10.0102
9.9509
9.9388
9.9836
10.0057
9.9253
9.9735
9.9834
10.0103
9.9852
9.9932
10.0415
10.0248
9.9809
10.0172
10.017
10.0574
10.0424
9.9936
10.0297
10.0306
10.0323
9.9961
9.969
10.053
10.0164
9.9818
9.9662
9.9901
10.0087
9.9317
9.9647
10.0375
10.0117
10.0195
9.9626
9.9854
10.0593
9.9848
9.9887
10.024
9.963
9.9912
9.9805
9.9901
9.9893
10.0028
10.0296
10.019
10.0227
10.0616
10.041
10.0172
9.9994
9.9696
9.972
10.0252
9.9478
10.0815
9.9845
9.9862
10.0111
10.0084
9.9482
10.0098
9.947
9.9908
10.0222
9.9824
10.0037
9.9938
9.9675
9.9396
10.0132
9.9991
9.9698
9.9926
9.993
9.9495
9.985
9.9901
10.013
9.9573
10.0312
9.9901
9.9921
10.0346
9.9961
10.0156
9.9855
9.9871
10.0347
10.053
9.9721
9.9604
9.9867
9.9933
9.972
9.9958
9.9952
9.999
10.0323
9.9807
10.0124
10.0342
10.0357
10.0166
10.0007
9.9973
9.9706
9.9784
9.9962
10.0393
9.9997
9.9989
9.9898
9.9638
10.0112
10.0087
9.9381
9.9854
9.9858
10.0825
9.9863
10.0238
9.9944
10.0322
10.0168
10.0413
9.98
10.024
10.0462
10.0288
9.9598
9.9837
9.9493
9.9834
10.0244
9.997
9.9734
9.9326
10.006
9.9665
9.9542
10.0059
9.9567
10.0514
9.9784
9.9865
10.0197
9.9999
10.0479
10.0379
9.9646
9.9936
9.9721
10.0194
9.9842
9.9895
10.0129
9.9539
9.9757
9.9666
10.025
9.9446
10.0132
10.0439
10.0053
9.9871
10.0132
10.0089
10.0524
9.9961
10.0138
9.9745
9.9661
9.9635
9.978
10.0743
9.9956
9.9746
9.9746
9.9931
9.9643
10.0435
9.9666
10.0025
10.0412
10.0098
10.0249
10.0075
10.0178
9.9609
10.0251
9.9981
9.9947
9.9933
9.9713
9.9617
10.0052
10.0312
10.01
9.987
10.0043
9.9604
10.0134
9.9762
9.9935
10.0115
10.0053
9.974
9.9998
9.971
10.0398
9.995
10.0169
10.0189
9.9861
10.0059
9.9505
10.0011
10.0096
10.0064
9.9675
9.9486
10.011
10.0458
9.9877
9.9988
9.9965
10.0344
10.0342
10.0355
10.0143
9.9744
10.0626
9.9637
9.9747
9.9757
10.0637
9.9797
10.0072
9.9709
9.9967
9.9899
10.0095
10.0376
10.0685
10.0182
9.9605
10.0468
9.991
9.9785
9.9708
9.9792
9.9325
10.0006
9.997
10.0717
9.9832
10.0323
9.9533
10.0097
10.0264
9.9771
10.0103
9.9527
9.9928
9.9832
9.9925
10.0044
10.0425
10.0188
9.9713
9.9358
9.952
9.9888
9.9994
9.9886
9.9681
10.0236
10.0027
9.9447
9.983
10.0413
9.97
10.0321
10.0029
9.9698
9.9876
10.0305
9.995
9.9862
9.935
10.0344
10.0118
10.0081
10.0279
10.0026
10.0308
9.9748
9.9909
9.9729
9.9885
10.0142
9.9467
10.0259
9.971
10.0252
10.0013
10.0139
9.9586
10.0445
10.0239
9.9843
9.992
9.9712
10.0263
10.0054
10.0096
9.9968
9.9916
9.9865
10.0036
10.0117
9.9815
9.9992
9.9353
9.9605
9.9491
9.9907
9.9843
10.0675
10.0225
9.9815
10.0096
10.0273
9.9442
10.0278
10.0339
10.0095
10.0102
9.9829
10.0404
10.0463
10.0128
9.96
9.9815
9.9505
9.966
9.9845
9.9989
9.9773
10.0498
9.9882
9.9602
10.0044
9.9586
10.0136
10.0489
10.0474
10.0456
9.9843
9.9881
10.0241
9.931
9.9921
10.0494
10.0106
10.0047
10.0136
10.0154
10.016
9.955
10.0149
9.9976
9.9864
10.0096
9.9935
9.9644
10.002
9.9819
10.0405
9.9343
10.0324
9.9872
9.9793
9.9447
10.0112
9.9986
10.032
9.9999
9.9081
9.9978
9.981
9.9602
10.0564
9.9712
10.0196
10.1055
9.9577
9.9677
10.0237
9.9916
9.9281
9.9832
9.9694
10.0569
9.986
10.0806
10.0371
10.0021
10.0067
10.0353
10.0858
9.9744
9.9825
10.0294
9.9906
10.0177
9.988
9.9769
9.9935
9.9981
9.9698
9.9906
10.0395
10.0924
9.9996
10.0273
9.9715
10.0051
9.9889
10.048
10.0539
10.026
9.9696
9.9681
10.0155
10.0377
10.0505
10.0246
9.997
9.959
10.0283
10.0534
10.0153
9.923
10.0479
10.0321
10.0389
9.9652
9.9726
10.0201
9.9934
9.9598
10.006
10.0137
10.0132
10.0187
10.0216
9.9704
9.9613
10.0594
9.9879
10.0138
10.0452
10.02
10.022
9.9575
10.0339
10.0095
10.0057
9.9422
9.9972
10.0042
9.9745
9.9987
9.9804
10.0159
10.0122
9.9845
9.9512
10.0897
9.9623
10.0214
10.0002
10.0119
9.9706
9.9914
10.003
10.0438
9.9821
10.0205
9.9946
10.0135
10.0201
9.9548
9.9817
9.985
9.9608
9.9687
10.0503
9.967
10.0132
10.0007
9.9733
10.0122
10.0071
9.9682
9.9808
10.0014
9.9663
10.0018
9.9882
9.9716
9.9942
9.9825
9.9633
9.9835
9.9728
9.9718
9.9738
9.9819
10.0179
9.9898
9.9842
9.962
9.9741
10.0184
10.0444
10.0078
10.0507
9.9244
10.0187
10.0041
9.9468
10.0235
10.0414
10.0392
10.0367
10.0383
9.9737
9.9663
10.0018
10.0163
10.0303
10.0112
9.9378
9.9991
10.0147
10.0039
9.9591
9.9877
9.9958
9.9974
9.9626
9.9459
9.9832
10.0155
10.0319
10.0048
10.0213
10.0005
9.9735
10.0473
10.047
10.0373
9.9662
10.0104
10.0214
9.9435
10.0432
10.0199
9.9919
9.9555
10.0238
10.0022
10.0056
10.009
10.0203
10.0184
9.9782
10.0718
9.9808
9.9954
9.9611
9.9855
9.9303
10.0173
10.0201
9.9788
9.9494
9.9796
9.9702
10.0035
9.9407
9.9507
10.0326
10.0019
10.0544
9.9652
10.0478
10.0492
9.9812
9.9891
10.0239
9.9927
10.0156
10.0187
9.9596
10.0114
9.9842
10.029
9.9967
10.0055
9.9567
10.0095
10.0336
10.0122
9.9834
10.006
10.0295
9.9923
9.9887
9.9897
10.0424
9.9583
9.9794
10.0313
10.0101
9.9934
10.0336
10.0761
10.0078
9.9928
9.9223
9.9931
9.9844
9.9671
9.9451
9.9632
9.9991
10.0579
9.9873
10.0108
9.985
9.9949
9.9709
10.0465
9.9545
10.0524
10.0413
9.9489
9.9748
10.0769
10.0513
9.9737
9.952
10.0055
10.0021
10.0298
10.0289
10.0194
9.9524
9.9828
9.9653
10.0194
9.9736
10.0319
9.9732
9.9604
10.0
10.0395
10.0133
9.9535
10.0181
9.9752
10.0229
10.0044
9.9849
9.9945
9.9541
10.0421
9.97
10.0126
10.0304
9.9489
10.0244
10.0089
10.0122
9.9937
10.0406
9.9943
9.9674
10.0322
9.9683
10.0178
10.0131
9.9971
9.9907
10.0137
9.9894
9.977
10.0098
10.0254
9.9731
9.9943
10.0034
10.0246
10.012
10.0639
10.0298
9.9623
10.016
10.0518
10.053
10.0192
10.0067
9.9735
10.0306
10.0652
10.0435
9.9656
10.0276
9.977
9.9833
10.0241
9.9219
9.9639
10.0314
10.0102
9.9537
10.026
9.9991
9.9263
10.0468
9.9832
9.982
10.0333
10.0433
10.032
9.9913
10.0093
10.0031
9.952
10.0312
9.9479
10.0203
9.9279
10.0398
10.0216
10.0218
10.0005
9.9906
10.0255
10.0389
10.0113
9.9949
10.0391
9.9918
10.0299
10.0181
9.9776
10.0412
9.9969
10.0184
9.9767
9.9904
10.002
9.9609
9.9942
10.0025
9.9582
10.0213
9.999
10.0165
10.0175
9.9534
9.9922
9.9806
10.0093
9.9937
9.9964
10.0008
9.9593
10.0416
10.0294
10.0384
10.0018
10.0423
10.0301
10.0011
9.9753
9.957
10.0399
10.018
9.9987
9.9498
9.9937
10.0446
9.9997
10.0123
9.9687
9.9772
9.9807
10.027
10.0027
10.0482
9.9624
9.9992
10.0348
10.0189
9.9833
10.0425
9.9521
10.0297
10.0452
9.9826
10.0049
10.0351
10.0224
10.0002
10.0227
10.0565
10.036
10.0234
9.9984
9.9775
9.9896
10.0255
10.0392
9.9809
10.0257
9.913
10.0147
10.0023
9.9599
9.9632
9.9511
9.9704
9.9916
10.0076
10.0577
10.0301
9.9772
9.9737
9.9219
10.0359
9.9901
10.0339
9.9656
9.9344
10.0164
9.944
9.9949
9.9818
10.0179
10.0363
10.0064
10.0179
10.0206
9.9633
10.0066
10.0276
10.0156
9.9324
9.9669
10.0187
9.9103
10.0161
10.0406
9.9916
10.0419
10.0288
9.9461
10.0112
9.9813
9.9627
9.9999
10.0052
9.9802
10.0122
10.0035
10.0413
9.9953
10.0222
10.0296
9.938
10.0977
10.0379
10.0215
10.0324
10.022
10.0063
9.9886
10.044
9.9331
10.0038
9.9944
10.005
10.0433
10.0353
9.9635
9.982
9.9918
9.9506
9.9682
10.0043
9.9781
10.0128
9.9876
10.0597
9.9826
9.9862
9.9962
9.9723
9.9934
9.9979
10.042
9.9778
10.0125
10.0315
10.0601
9.9977
9.9926
9.9398
10.0152
10.0405
9.9816
9.9911
9.9549
9.9835
10.0204
9.9905
9.9867
9.9711
10.0156
10.0511
10.03
9.9803
9.9923
9.9529
10.0095
10.0286
9.9846
10.0353
9.965
9.9742
9.984
10.0448
10.0173
10.0447
10.0211
9.9591
10.0171
9.9465
9.9994
10.0389
9.9713
9.9661
10.0115
9.9886
9.9691
10.0208
9.9913
9.984
10.034
10.0289
9.998
10.0216
10.0322
10.0635
10.0205
9.9979
10.0297
9.9793
10.0399
9.9988
10.0154
9.9817
10.0276
10.0072
10.0169
9.9846
10.0647
9.9812
10.1028
9.9373
9.9755
10.0325
9.9978
9.9972
9.9951
9.9893
9.9976
10.0001
10.0059
10.0007
10.0405
9.9987
9.971
10.0158
10.0142
10.0356
10.013
9.9573
9.9605
9.9588
9.9608
9.961
9.975
9.9906
10.0127
9.9838
9.9735
10.0299
10.001
9.9927
9.9398
10.0386
9.998
10.0128
9.9771
9.9604
9.9583
10.0745
9.968
10.0488
9.973
9.9925
9.9634
9.9821
10.0288
10.0241
9.9552
9.949
9.9624
9.9833
10.0112
10.0018
9.9749
10.004
10.0428
10.0108
10.0015
10.0494
9.9943
9.9863
9.9356
10.0388
10.0246
10.0338
10.0024
10.0197
9.9797
10.0163
9.9709
9.9967
9.9805
10.0367
10.066
10.0069
10.0294
10.0113
10.031
9.9459
9.9045
10.0154
9.9947
10.0253
9.9658
9.9872
10.0139
9.9659
9.9854
9.9992
9.9637
10.0333
9.9648
10.0038
9.9833
10.0164
9.9958
9.9952
9.9776
10.0083
10.0142
9.9627
9.9883
10.0134
9.9303
9.992
10.004
10.0044
10.0999
10.0243
9.9597
10.0237
10.0059
9.9648
10.0676
10.0464
9.9941
10.0343
10.0112
10.0411
10.005
10.0688
10.0021
10.0198
9.9942
10.0395
9.967
10.0805
10.0601
10.0052
9.9841
9.9906
10.0137
10.0303
9.992
9.9361
10.0582
9.9923
9.9576
9.9888
9.9691
9.9565
9.9967
10.0251
10.0055
10.0111
9.9774
9.99
9.9938
9.9835
10.0265
9.9459
9.975
9.9785
9.9952
10.0153
10.0089
9.9697
10.0304
9.9886
10.0203
9.9771
10.0075
10.037
9.9651
9.9699
9.9714
9.9933
9.9818
10.0352
9.995
10.0493
10.0482
9.9457
9.969
10.0046
10.0198
10.0827
9.9942
9.9956
10.0382
9.9544
9.9863
10.0145
10.0344
10.0316
9.9658
9.9895
9.9709
9.9901
9.955
9.9474
10.0763
10.0362
10.0451
9.9533
10.0043
10.0154
10.0093
10.0097
10.0474
9.9856
9.9541
9.9633
9.9852
9.9924
10.0104
10.0259
10.0249
10.0515
9.9855
10.0056
10.0444
10.0035
9.9659
10.0085
9.95
10.0108
9.9657
10.0181
9.9609
10.0209
10.0041
10.0573
9.9998
9.9734
10.0218
9.9972
10.0296
9.9851
10.0493
9.9986
10.0211
10.0348
9.9758
10.0481
9.9668
10.023
10.005
9.9814
9.9954
9.978
10.0611
10.0332
9.9781
9.9853
10.0364
9.994
9.9994
10.0021
10.0323
9.9467
10.0003
10.0013
10.038
10.0403
9.9789
10.0189
9.9825
10.06
9.9914
9.9929
9.9762
9.9505
9.9993
9.9908
9.9931
9.9595
9.9652
10.0083
10.0074
9.9543
10.0475
9.9711
9.9656
9.9962
10.0137
9.9871
10.0548
9.9757
9.9628
9.9535
9.9781
9.9829
9.9769
10.0113
10.0264
9.9679
10.0029
9.9518
9.9705
9.9757
10.038
9.998
10.0294
9.9669
10.0338
9.9952
9.9937
10.0353
10.0066
9.8896
9.9954
9.9927
9.9516
9.9833
10.0488
10.0545
9.9793
10.0036
9.9882
9.9752
9.9856
9.9796
9.9995
9.9988
9.9806
10.0039
10.0342
10.0161
9.9545
10.0135
10.0235
9.9952
9.9612
9.9478
9.9707
10.0642
10.0171
10.0201
9.9505
10.0239
9.9692
10.0239
10.028
10.0366
10.0114
10.0125
9.9408
9.9429
10.001
9.9806
9.9527
9.9145
9.9958
9.9692
9.9851
9.9889
9.9718
10.0492
9.9797
10.0115
10.022
9.9566
9.9985
10.0029
10.0333
9.981
9.9858
10.0671
9.9744
10.0119
9.975
9.9689
10.0122
9.9987
9.9541
10.0161
10.0106
9.9648
9.9465
10.0009
9.9348
9.9902
10.0443
9.9664
9.9811
9.9817
9.9722
10.0056
9.9476
9.9571
9.9934
9.9839
9.9815
9.9423
9.9978
10.0541
9.9999
9.9922
9.99
10.0425
9.9678
10.0111
9.9953
9.9993
10.0163
10.0497
10.0374
10.0158
10.0173
9.988
10.0438
9.9886
9.9539
10.0226
10.0391
10.0155
9.9986
9.9637
10.0197
9.9812
10.06
10.0053
9.9943
9.9487
9.9423
9.9935
9.9741
9.9752
10.012
9.9922
9.9887
10.0205
10.0028
9.984
9.9455
9.9593
10.0602
9.9896
10.0157
10.0178
10.0001
9.9996
9.9724
10.0074
10.0191
9.998
9.9705
10.0312
10.0012
9.9606
9.9675
9.9868
9.9922
10.049
10.0094
10.0171
10.0405
10.0375
10.0145
10.0223
10.0096
10.0224
10.0549
10.0288
9.9864
10.0294
10.0055
9.9766
10.0296
9.9922
10.0076
10.0089
10.0319
10.0325
10.0024
9.9579
10.0351
9.9866
9.9487
9.9851
10.0141
10.0025
10.037
9.9566
9.9592
10.0071
9.9951
9.9835
10.0453
9.9932
10.006
10.0332
10.0085
9.9356
9.9615
9.9996
9.9531
9.9956
10.0469
10.0658
10.025
9.9637
10.0427
9.9706
9.9447
10.0009
9.9846
9.9749
10.0217
9.9543
9.9996
10.0316
10.0152
9.9822
10.034
9.9612
9.9812
9.9512
10.0101
9.9992
10.0039
9.9823
9.9649
9.9822
9.9946
10.0041
10.0195
10.0
9.9569
10.044
9.9685
10.0127
10.0157
10.0372
10.0519
10.0285
9.9905
10.0257
9.9741
10.0292
10.0037
9.9841
10.0027
9.9555
10.0393
9.964
9.9556
9.9284
10.0242
10.0392
9.9586
9.9387
10.0015
10.0275
9.9798
9.9538
9.9929
9.9896
10.003
10.0343
10.0125
9.9775
10.0049
9.9528
9.9844
9.995
10.0002
10.0477
10.0879
9.998
10.0568
9.9783
10.0036
9.979
10.0376
9.9926
9.9919
10.0104
9.9681
10.0603
10.0015
9.9716
10.0603
10.018
9.9909
10.0242
10.0257
10.0526
10.0202
9.999
10.0481
9.9862
10.0363
9.9689
9.991
9.933
10.0089
10.0111
9.9854
10.0039
9.984
9.9464
9.9759
9.9473
10.0172
9.9949
9.9739
9.9973
10.027
10.0014
10.02
10.0152
9.9958
10.0236
10.0303
9.9918
10.0216
9.955
9.9777
10.0114
9.9898
10.0029
9.9783
10.0351
10.0009
9.9902
10.0157
9.9844
10.0048
10.0516
9.9929
10.0592
10.01
10.0485
10.001
10.005
10.0554
10.0081
10.0026
10.066
10.0848
9.9882
9.9955
9.9902
10.0067
10.0068
10.0164
10.0349
10.019
10.0033
10.0107
10.0643
9.9887
10.0268
9.9849
10.0471
9.9686
10.0264
10.014
10.0088
9.9966
9.9794
9.9842
9.9722
9.9867
9.9384
10.0042
9.9938
9.9655
10.0259
9.9372
9.9647
9.9894
9.9686
10.0176
9.958
10.0459
9.9755
9.9974
10.0225
10.0304
10.0601
9.9317
9.9679
9.9694
9.9863
9.9643
10.0066
10.0079
10.0462
9.9933
9.9472
10.0023
10.0051
9.9754
10.0553
9.9746
10.0228
10.004
10.026
9.9941
9.9649
10.0429
9.9893
10.0095
10.0422
9.9918
9.9723
10.0356
9.9487
9.986
9.9569
9.9668
10.0275
10.0352
9.9957
10.0318
9.9998
9.9602
9.9487
10.0284
9.9462
10.0
10.0331
10.0049
9.9938
10.0223
9.9995
9.9903
9.9997
9.9923
9.9799
10.0137
9.9933
10.0313
10.009
9.9955
9.9895
10.0026
9.9608
10.0351
9.9681
9.9854
9.9864
9.9972
10.0388
9.9844
10.038
10.0759
10.0166
9.9976
10.053
9.9891
10.0046
9.9996
10.0144
10.0111
10.0362
9.9704
10.0275
10.0328
9.9795
10.0303
10.0394
10.0019
9.9264
10.0123
10.0346
9.9731
10.0113
9.987
10.0136
9.9767
10.0346
9.9858
10.0219
10.0246
9.961
10.0005
10.0117
9.9828
10.0361
10.0169
10.0171
10.0311
9.9697
9.9985
10.0261
10.0062
10.0256
10.0073
9.9778
10.0789
10.0047
10.0153
9.9874
9.9791
9.9579
9.9914
10.0494
10.002
10.008
9.9793
9.9829
10.0381
9.9886
9.9998
9.9953
9.9485
9.9709
9.9654
9.9904
10.0621
10.0015
9.9822
10.0051
9.9699
9.9513
9.9482
10.0137
9.9797
10.0044
9.998
9.9884
10.0019
10.0013
9.9373
10.0306
10.0043
10.0187
9.9699
9.9533
10.0044
10.0031
10.0032
9.9797
10.0062
10.0288
10.0207
9.9893
9.9866
10.011
9.9725
9.9745
9.9958
10.0258
9.9649
10.0076
10.0055
9.9074
9.986
9.9576
9.9522
9.9942
9.9902
10.0258
10.0375
10.0455
10.0175
10.0226
10.0358
9.9742
9.9849
10.0323
10.0465
10.0009
9.9994
9.9975
10.0955
9.9767
9.9987
10.0168
10.0043
9.9568
9.9387
10.0279
10.0006
9.9649
9.9434
10.011
9.9657
10.0038
10.0219
9.9884
9.9786
10.0166
10.0121
9.994
10.0165
9.9882
9.9955
9.9795
10.0163
10.0338
9.9854
9.9985
10.0307
10.055
9.9925
10.0281
9.9453
10.0103
9.9983
10.0165
9.9525
10.0358
9.9631
9.9866
9.9562
10.0146
10.0217
9.9951
10.07
9.9831
10.0044
9.9827
9.9984
9.973
10.0154
10.0205
10.0147
9.9697
9.9936
10.0002
9.9993
9.9709
9.9733
9.9785
9.9987
10.0497
9.9989
9.9757
9.9918
10.0504
10.016
10.0053
10.0057
9.9828
10.0028
10.0472
9.9922
9.9786
10.0066
9.9875
10.0093
9.9855
9.9654
9.9823
9.9782
10.0211
10.0286
9.9845
9.9784
9.9878
10.0246
9.9918
9.9763
9.9475
9.9891
9.9685
10.005
9.9596
9.9553
9.9713
10.0103
10.04
10.004
9.9467
10.0014
10.0117
10.016
9.9888
9.9802
10.0538
10.0431
9.9562
10.0359
10.011
9.997
9.967
10.0504
10.0184
10.0382
9.9401
9.997
10.0188
10.0455
10.0251
10.0029
10.0231
10.0051
9.9959
10.0065
10.0602
10.0081
10.0127
9.9579
9.9896
9.9656
9.9654
9.9878
9.9706
9.9537
10.008
10.0152
9.9914
10.0447
9.9939
10.0106
9.9899
9.9928
10.0152
9.9633
9.975
9.9952
10.0048
9.9886
9.9726
9.9436
10.0258
9.9715
10.0241
9.9758
9.9838
9.9952
10.0306
10.0301
10.0185
10.0368
10.0137
10.0258
9.9909
9.9832
9.9843
9.978
10.0202
10.009
9.9839
10.0245
9.9906
10.0077
9.9915
9.9642
10.0083
10.0411
10.0055
9.992
10.0162
10.0076
9.9881
9.9866
9.9568
9.9794
10.0323
10.0308
9.9835
9.9665
10.0606
10.0292
10.0602
9.9577
9.994
10.0007
9.99
10.0395
10.0296
9.9903
9.9745
10.0175
10.0217
9.9476
9.9705
10.0002
10.0046
9.9778
10.0488
10.0121
9.9652
9.9373
10.0409
9.9345
10.0025
10.0282
9.9872
10.0153
10.0211
9.9695
9.9756
10.029
9.9985
9.9945
10.0415
9.9629
10.0221
10.0785
9.999
9.9804
10.0237
9.9886
10.0058
10.0094
10.0449
10.0262
9.9899
10.0191
9.9452
9.9603
9.9387
9.991
10.0106
9.9994
9.9717
9.9549
9.9984
9.9825
10.0567
10.03
10.048
10.0225
10.0221
9.9832
10.0313
9.9949
9.9786
10.0166
9.9995
10.0337
9.994
10.008
9.9959
9.9912
10.0202
10.0228
10.0313
10.1065
9.9959
9.9513
10.0185
10.0087
9.9508
10.0446
10.0144
9.9551
